-599.7         -80            -155.8585013   
-599.7         -74.48275862   -155.8583035   
-599.7         -68.96551724   -155.8580474   
-599.7         -63.44827586   -155.8577109   
-599.7         -57.93103448   -155.8572575   
-599.7         -52.4137931    -155.8566258   
-599.7         -46.89655172   -155.8557285   
-599.7         -41.37931034   -155.8543904   
-599.7         -35.86206897   -155.8522895   
-599.7         -30.34482759   -155.8487611   
-599.7         -24.82758621   -155.8421819   
-599.7         -19.31034483   -155.8276839   
-599.7         -13.79310345   -155.7819898   
-599.7         -8.275862069   -155.1616882   
-599.7         -2.75862069    -151.3054563   
-599.7         2.75862069     -145.9725878   
-599.7         8.275862069    -104.7090476   
-599.7         13.79310345    160.4446347    
-599.7         19.31034483    178.6583985    
-599.7         24.82758621    183.4493055    
-599.7         30.34482759    185.6401448    
-599.7         35.86206897    186.8900593    
-599.7         41.37931034    187.6944213    
-599.7         46.89655172    188.2537084    
-599.7         52.4137931     188.6638465    
-599.7         57.93103448    188.976665     
-599.7         63.44827586    189.2223943    
-599.7         68.96551724    189.4202751    
-599.7         74.48275862    189.5825095    
-599.7         80             189.7176992    

-558.3413793   -80            -149.9347623   
-558.3413793   -74.48275862   -149.9345613   
-558.3413793   -68.96551724   -149.9342985   
-558.3413793   -63.44827586   -149.9339471   
-558.3413793   -57.93103448   -149.9334627   
-558.3413793   -52.4137931    -149.9327646   
-558.3413793   -46.89655172   -149.9316772   
-558.3413793   -41.37931034   -149.9297298   
-558.3413793   -35.86206897   -149.9253561   
-558.3413793   -30.34482759   -149.9125264   
-558.3413793   -24.82758621   -149.8661911   
-558.3413793   -19.31034483   -149.6804879   
-558.3413793   -13.79310345   -148.9316762   
-558.3413793   -8.275862069   -146.1469902   
-558.3413793   -2.75862069    -136.6335633   
-558.3413793   2.75862069     -105.756045    
-558.3413793   8.275862069    -26.69147338   
-558.3413793   13.79310345    81.29401586    
-558.3413793   19.31034483    146.9526578    
-558.3413793   24.82758621    170.4214926    
-558.3413793   30.34482759    177.7780691    
-558.3413793   35.86206897    180.3892661    
-558.3413793   41.37931034    181.5724949    
-558.3413793   46.89655172    182.2504523    
-558.3413793   52.4137931     182.7042431    
-558.3413793   57.93103448    183.0358745    
-558.3413793   63.44827586    183.2908626    
-558.3413793   68.96551724    183.4934636    
-558.3413793   74.48275862    183.6582904    
-558.3413793   80             183.7948704    

-516.9827586   -80            -144.0115595   
-516.9827586   -74.48275862   -144.0099619   
-516.9827586   -68.96551724   -144.0067036   
-516.9827586   -63.44827586   -143.9999141   
-516.9827586   -57.93103448   -143.9855749   
-516.9827586   -52.4137931    -143.9550426   
-516.9827586   -46.89655172   -143.8897199   
-516.9827586   -41.37931034   -143.7496272   
-516.9827586   -35.86206897   -143.4490579   
-516.9827586   -30.34482759   -142.8054438   
-516.9827586   -24.82758621   -141.4349518   
-516.9827586   -19.31034483   -138.550847    
-516.9827586   -13.79310345   -132.6134819   
-516.9827586   -8.275862069   -120.8462247   
-516.9827586   -2.75862069    -98.96198774   
-516.9827586   2.75862069     -62.36398686   
-516.9827586   8.275862069    -10.64005367   
-516.9827586   13.79310345    47.39796499    
-516.9827586   19.31034483    97.8199085     
-516.9827586   24.82758621    132.8377406    
-516.9827586   30.34482759    153.6373249    
-516.9827586   35.86206897    164.9436087    
-516.9827586   41.37931034    170.8603758    
-516.9827586   46.89655172    173.9468449    
-516.9827586   52.4137931     175.5935407    
-516.9827586   57.93103448    176.5114761    
-516.9827586   63.44827586    177.0556256    
-516.9827586   68.96551724    177.4025274    
-516.9827586   74.48275862    177.6407871    
-516.9827586   80             177.8157762    

-475.6241379   -80            -138.0260842   
-475.6241379   -74.48275862   -137.9810471   
-475.6241379   -68.96551724   -137.9058365   
-475.6241379   -63.44827586   -137.78024     
-475.6241379   -57.93103448   -137.5705713   
-475.6241379   -52.4137931    -137.2208178   
-475.6241379   -46.89655172   -136.6382004   
-475.6241379   -41.37931034   -135.6700183   
-475.6241379   -35.86206897   -134.0675782   
-475.6241379   -30.34482759   -131.432776    
-475.6241379   -24.82758621   -127.1460185   
-475.6241379   -19.31034483   -120.2862946   
-475.6241379   -13.79310345   -109.5849696   
-475.6241379   -8.275862069   -93.51227236   
-475.6241379   -2.75862069    -70.6581221    
-475.6241379   2.75862069     -40.52282506   
-475.6241379   8.275862069    -4.472770664   
-475.6241379   13.79310345    33.97196956    
-475.6241379   19.31034483    70.27222551    
-475.6241379   24.82758621    100.8317168    
-475.6241379   30.34482759    124.1886731    
-475.6241379   35.86206897    140.7747172    
-475.6241379   41.37931034    151.9645554    
-475.6241379   46.89655172    159.2700698    
-475.6241379   52.4137931     163.95098      
-475.6241379   57.93103448    166.9254621    
-475.6241379   63.44827586    168.815101     
-475.6241379   68.96551724    170.0231813    
-475.6241379   74.48275862    170.8051538    
-475.6241379   80             171.3205866    

-434.2655172   -80            -131.6737619   
-434.2655172   -74.48275862   -131.4379293   
-434.2655172   -68.96551724   -131.0917279   
-434.2655172   -63.44827586   -130.5840125   
-434.2655172   -57.93103448   -129.8405291   
-434.2655172   -52.4137931    -128.754146    
-434.2655172   -46.89655172   -127.1717114   
-434.2655172   -41.37931034   -124.8772211   
-434.2655172   -35.86206897   -121.5720243   
-434.2655172   -30.34482759   -116.8551834   
-434.2655172   -24.82758621   -110.2116662   
-434.2655172   -19.31034483   -101.0232845   
-434.2655172   -13.79310345   -88.62563444   
-434.2655172   -8.275862069   -72.43732584   
-434.2655172   -2.75862069    -52.17137686   
-434.2655172   2.75862069     -28.08731169   
-434.2655172   8.275862069    -1.165430618   
-434.2655172   13.79310345    26.95214599    
-434.2655172   19.31034483    54.31647451    
-434.2655172   24.82758621    79.18411078    
-434.2655172   30.34482759    100.4212262    
-434.2655172   35.86206897    117.6227089    
-434.2655172   41.37931034    130.9735898    
-434.2655172   46.89655172    141.0019701    
-434.2655172   52.4137931     148.3555503    
-434.2655172   57.93103448    153.6573011    
-434.2655172   63.44827586    157.4370248    
-434.2655172   68.96551724    160.1134706    
-434.2655172   74.48275862    162.0025558    
-434.2655172   80             163.3354753    

-392.9068966   -80            -124.6047659   
-392.9068966   -74.48275862   -124.0101056   
-392.9068966   -68.96551724   -123.2043027   
-392.9068966   -63.44827586   -122.1144203   
-392.9068966   -57.93103448   -120.6440101   
-392.9068966   -52.4137931    -118.6669111   
-392.9068966   -46.89655172   -116.0205372   
-392.9068966   -41.37931034   -112.4996321   
-392.9068966   -35.86206897   -107.8524111   
-392.9068966   -30.34482759   -101.7823488   
-392.9068966   -24.82758621   -93.96045597   
-392.9068966   -19.31034483   -84.05401203   
-392.9068966   -13.79310345   -71.77699705   
-392.9068966   -8.275862069   -56.96274628   
-392.9068966   -2.75862069    -39.64894126   
-392.9068966   2.75862069     -20.15048855   
-392.9068966   8.275862069    0.9150614462   
-392.9068966   13.79310345    22.67963354    
-392.9068966   19.31034483    44.15602585    
-392.9068966   24.82758621    64.41084093    
-392.9068966   30.34482759    82.71774513    
-392.9068966   35.86206897    98.64133067    
-392.9068966   41.37931034    112.0387591    
-392.9068966   46.89655172    123.0011453    
-392.9068966   52.4137931     131.770427     
-392.9068966   57.93103448    138.6610466    
-392.9068966   63.44827586    144.0014154    
-392.9068966   68.96551724    148.0977742    
-392.9068966   74.48275862    151.2164304    
-392.9068966   80             153.5784407    

-351.5482759   -80            -116.7486804   
-351.5482759   -74.48275862   -115.7093281   
-351.5482759   -68.96551724   -114.376704    
-351.5482759   -63.44827586   -112.6724988   
-351.5482759   -57.93103448   -110.500332    
-351.5482759   -52.4137931    -107.7433754   
-351.5482759   -46.89655172   -104.2628453   
-351.5482759   -41.37931034   -99.89828569   
-351.5482759   -35.86206897   -94.47093528   
-351.5482759   -30.34482759   -87.79181599   
-351.5482759   -24.82758621   -79.67625408   
-351.5482759   -19.31034483   -69.96604915   
-351.5482759   -13.79310345   -58.55902966   
-351.5482759   -8.275862069   -45.44305145   
-351.5482759   -2.75862069    -30.72792498   
-351.5482759   2.75862069     -14.66560625   
-351.5482759   8.275862069    2.351583832    
-351.5482759   13.79310345    19.8208768     
-351.5482759   19.31034483    37.18476012    
-351.5482759   24.82758621    53.90041965    
-351.5482759   30.34482759    69.50518909    
-351.5482759   35.86206897    83.66202893    
-351.5482759   41.37931034    96.17711601    
-351.5482759   46.89655172    106.9913427    
-351.5482759   52.4137931     116.154235     
-351.5482759   57.93103448    123.7906096    
-351.5482759   63.44827586    130.068347     
-351.5482759   68.96551724    135.1721102    
-351.5482759   74.48275862    139.2848163    
-351.5482759   80             142.5758071    

-310.1896552   -80            -108.2946184   
-310.1896552   -74.48275862   -106.8207169   
-310.1896552   -68.96551724   -105.0065084   
-310.1896552   -63.44827586   -102.78038     
-310.1896552   -57.93103448   -100.0592315   
-310.1896552   -52.4137931    -96.7484725    
-310.1896552   -46.89655172   -92.74310875   
-310.1896552   -41.37931034   -87.93044395   
-310.1896552   -35.86206897   -82.19498356   
-310.1896552   -30.34482759   -75.4260867    
-310.1896552   -24.82758621   -67.52867516   
-310.1896552   -19.31034483   -58.43679881   
-310.1896552   -13.79310345   -48.12902788   
-310.1896552   -8.275862069   -36.64358846   
-310.1896552   -2.75862069    -24.09014639   
-310.1896552   2.75862069     -10.65462344   
-310.1896552   8.275862069    3.406007046    
-310.1896552   13.79310345    17.78021382    
-310.1896552   19.31034483    32.12813037    
-310.1896552   24.82758621    46.11312752    
-310.1896552   30.34482759    59.43266475    
-310.1896552   35.86206897    71.84261015    
-310.1896552   41.37931034    83.17127084    
-310.1896552   46.89655172    93.32230042    
-310.1896552   52.4137931     102.2682429    
-310.1896552   57.93103448    110.0379766    
-310.1896552   63.44827586    116.7015265    
-310.1896552   68.96551724    122.355319     
-310.1896552   74.48275862    127.1090409    
-310.1896552   80             131.0759887    

-268.8310345   -80            -99.53388112   
-268.8310345   -74.48275862   -97.69834839   
-268.8310345   -68.96551724   -95.50879566   
-268.8310345   -63.44827586   -92.90584933   
-268.8310345   -57.93103448   -89.82398774   
-268.8310345   -52.4137931    -86.19256201   
-268.8310345   -46.89655172   -81.93767044   
-268.8310345   -41.37931034   -76.98511385   
-268.8310345   -35.86206897   -71.26461828   
-268.8310345   -30.34482759   -64.71540972   
-268.8310345   -24.82758621   -57.2930267    
-268.8310345   -19.31034483   -48.97696781   
-268.8310345   -13.79310345   -39.77840931   
-268.8310345   -8.275862069   -29.74686791   
-268.8310345   -2.75862069    -18.97442109   
-268.8310345   2.75862069     -7.596147479   
-268.8310345   8.275862069    4.214195198    
-268.8310345   13.79310345    16.25343835    
-268.8310345   19.31034483    28.30239676    
-268.8310345   24.82758621    40.14161663    
-268.8310345   30.34482759    51.56711947    
-268.8310345   35.86206897    62.40379893    
-268.8310345   41.37931034    72.51471206    
-268.8310345   46.89655172    81.80547456    
-268.8310345   52.4137931     90.22394212    
-268.8310345   57.93103448    97.75614224    
-268.8310345   63.44827586    104.4197862    
-268.8310345   68.96551724    110.256706     
-268.8310345   74.48275862    115.3253309    
-268.8310345   80             119.693954     

-227.4724138   -80            -90.74521405   
-227.4724138   -74.48275862   -88.64711156   
-227.4724138   -68.96551724   -86.20552824   
-227.4724138   -63.44827586   -83.3742427    
-227.4724138   -57.93103448   -80.10445828   
-227.4724138   -52.4137931    -76.34605342   
-227.4724138   -46.89655172   -72.04938808   
-227.4724138   -41.37931034   -67.16773722   
-227.4724138   -35.86206897   -61.6603701    
-227.4724138   -30.34482759   -55.49621861   
-227.4724138   -24.82758621   -48.65795843   
-227.4724138   -19.31034483   -41.14619937   
-227.4724138   -13.79310345   -32.98331125   
-227.4724138   -8.275862069   -24.21634274   
-227.4724138   -2.75862069    -14.91840736   
-227.4724138   2.75862069     -5.188015938   
-227.4724138   8.275862069    4.853957702    
-227.4724138   13.79310345    15.06965483    
-227.4724138   19.31034483    25.31152859    
-227.4724138   24.82758621    35.43078031    
-227.4724138   30.34482759    45.2859247     
-227.4724138   35.86206897    54.75045075    
-227.4724138   41.37931034    63.71874177    
-227.4724138   46.89655172    72.10973423    
-227.4724138   52.4137931     79.86821174    
-227.4724138   57.93103448    86.96396499    
-227.4724138   63.44827586    93.38930149    
-227.4724138   68.96551724    99.15548444    
-227.4724138   74.48275862    104.2886782    
-227.4724138   80             108.8258826    

-186.1137931   -80            -82.14594751   
-186.1137931   -74.48275862   -79.88563734   
-186.1137931   -68.96551724   -77.30705017   
-186.1137931   -63.44827586   -74.37568607   
-186.1137931   -57.93103448   -71.05656635   
-186.1137931   -52.4137931    -67.31536111   
-186.1137931   -46.89655172   -63.11984369   
-186.1137931   -41.37931034   -58.44167764   
-186.1137931   -35.86206897   -53.25850233   
-186.1137931   -30.34482759   -47.55623771   
-186.1137931   -24.82758621   -41.33147975   
-186.1137931   -19.31034483   -34.5937638    
-186.1137931   -13.79310345   -27.3674749    
-186.1137931   -8.275862069   -19.69310036   
-186.1137931   -2.75862069    -11.62756234   
-186.1137931   2.75862069     -3.243415394   
-186.1137931   8.275862069    5.373192904    
-186.1137931   13.79310345    14.1257454     
-186.1137931   19.31034483    22.91154239    
-186.1137931   24.82758621    31.62648381    
-186.1137931   30.34482759    40.1699718     
-186.1137931   35.86206897    48.44946523    
-186.1137931   41.37931034    56.38423861    
-186.1137931   46.89655172    63.90806621    
-186.1137931   52.4137931     70.97068992    
-186.1137931   57.93103448    77.53809791    
-186.1137931   63.44827586    83.5917731     
-186.1137931   68.96551724    89.12715517    
-186.1137931   74.48275862    94.15158819    
-186.1137931   80             98.68202201    

-144.7551724   -80            -73.88420585   
-144.7551724   -74.48275862   -71.55051864   
-144.7551724   -68.96551724   -68.93092383   
-144.7551724   -63.44827586   -66.00041219   
-144.7551724   -57.93103448   -62.73458083   
-144.7551724   -52.4137931    -59.11053122   
-144.7551724   -46.89655172   -55.10794679   
-144.7551724   -41.37931034   -50.71033262   
-144.7551724   -35.86206897   -45.90638294   
-144.7551724   -30.34482759   -40.69139777   
-144.7551724   -24.82758621   -35.06867546   
-144.7551724   -19.31034483   -29.0507476    
-144.7551724   -13.79310345   -22.6603253    
-144.7551724   -8.275862069   -15.93081614   
-144.7551724   -2.75862069    -8.906285512   
-144.7551724   2.75862069     -1.640774907   
-144.7551724   8.275862069    5.80305817     
-144.7551724   13.79310345    13.35592887    
-144.7551724   19.31034483    20.94443147    
-144.7551724   24.82758621    28.49387392    
-144.7551724   30.34482759    35.93121444    
-144.7551724   35.86206897    43.1878465     
-144.7551724   41.37931034    50.20202618    
-144.7551724   46.89655172    56.92075763    
-144.7551724   52.4137931     63.30103975    
-144.7551724   57.93103448    69.3104492     
-144.7551724   63.44827586    74.92710106    
-144.7551724   68.96551724    80.13908258    
-144.7551724   74.48275862    84.94348497    
-144.7551724   80             89.34517059    

-103.3965517   -80            -66.04894307   
-103.3965517   -74.48275862   -63.71447993   
-103.3965517   -68.96551724   -61.12861107   
-103.3965517   -63.44827586   -58.27358769   
-103.3965517   -57.93103448   -55.13273484   
-103.3965517   -52.4137931    -51.691123     
-103.3965517   -46.89655172   -47.93633129   
-103.3965517   -41.37931034   -43.85928924   
-103.3965517   -35.86206897   -39.45514727   
-103.3965517   -30.34482759   -34.7241543    
-103.3965517   -24.82758621   -29.67246448   
-103.3965517   -19.31034483   -24.31281266   
-103.3965517   -13.79310345   -18.66498424   
-103.3965517   -8.275862069   -12.75600444   
-103.3965517   -2.75862069    -6.61999129    
-103.3965517   2.75862069     -0.2976326723  
-103.3965517   8.275862069    6.164723295    
-103.3965517   13.79310345    12.71632813    
-103.3965517   19.31034483    19.30358497    
-103.3965517   24.82758621    25.87179748    
-103.3965517   30.34482759    32.36698043    
-103.3965517   35.86206897    38.73762636    
-103.3965517   41.37931034    44.93628977    
-103.3965517   46.89655172    50.92089821    
-103.3965517   52.4137931     56.65571945    
-103.3965517   57.93103448    62.11195257    
-103.3965517   63.44827586    67.26794635    
-103.3965517   68.96551724    72.10907824    
-103.3965517   74.48275862    76.62734974    
-103.3965517   80             80.82076532    

-62.03793103   -80            -58.68466439   
-62.03793103   -74.48275862   -56.40558456   
-62.03793103   -68.96551724   -53.90871415   
-62.03793103   -63.44827586   -51.18165925   
-62.03793103   -57.93103448   -48.21322142   
-62.03793103   -52.4137931    -44.99388682   
-62.03793103   -46.89655172   -41.51634965   
-62.03793103   -41.37931034   -37.77607458   
-62.03793103   -35.86206897   -33.77185676   
-62.03793103   -30.34482759   -29.50635828   
-62.03793103   -24.82758621   -24.98658216   
-62.03793103   -19.31034483   -20.22424405   
-62.03793103   -13.79310345   -15.23600141   
-62.03793103   -8.275862069   -10.04350317   
-62.03793103   -2.75862069    -4.673231433   
-62.03793103   2.75862069     0.8438857461   
-62.03793103   8.275862069    6.473081934    
-62.03793103   13.79310345    12.17658642    
-62.03793103   19.31034483    17.91458129    
-62.03793103   24.82758621    23.6463403     
-62.03793103   30.34482759    29.33137249    
-62.03793103   35.86206897    34.93056572    
-62.03793103   41.37931034    40.40724209    
-62.03793103   46.89655172    45.72807044    
-62.03793103   52.4137931     50.86378744    
-62.03793103   57.93103448    55.78970687    
-62.03793103   63.44827586    60.48599677    
-62.03793103   68.96551724    64.93775583    
-62.03793103   74.48275862    69.13488164    
-62.03793103   80             73.07179931    

-20.67931034   -80            -51.80510403   
-20.67931034   -74.48275862   -49.62296008   
-20.67931034   -68.96551724   -47.25414451   
-20.67931034   -63.44827586   -44.69011591   
-20.67931034   -57.93103448   -41.92347357   
-20.67931034   -52.4137931    -38.94830539   
-20.67931034   -46.89655172   -35.76054952   
-20.67931034   -41.37931034   -32.35836554   
-20.67931034   -35.86206897   -28.7424932    
-20.67931034   -30.34482759   -24.91658508   
-20.67931034   -24.82758621   -20.88748678   
-20.67931034   -19.31034483   -16.6654432    
-20.67931034   -13.79310345   -12.26420762   
-20.67931034   -8.275862069   -7.701034891   
-20.67931034   -2.75862069    -2.996541874   
-20.67931034   2.75862069     1.825570142    
-20.67931034   8.275862069    6.738935405    
-20.67931034   13.79310345    11.71505482    
-20.67931034   19.31034483    16.7239517     
-20.67931034   24.82758621    21.73488717    
-20.67931034   30.34482759    26.71711719    
-20.67931034   35.86206897    31.64065059    
-20.67931034   41.37931034    36.47695993    
-20.67931034   46.89655172    41.19961898    
-20.67931034   52.4137931     45.78483672    
-20.67931034   57.93103448    50.21186081    
-20.67931034   63.44827586    54.46325184    
-20.67931034   68.96551724    58.52501741    
-20.67931034   74.48275862    62.38661998    
-20.67931034   80             66.04087264    

20.67931034    -80            -45.40406197   
20.67931034    -74.48275862   -43.34830364   
20.67931034    -68.96551724   -41.13379178   
20.67931034    -63.44827586   -38.75469901   
20.67931034    -57.93103448   -36.20621141   
20.67931034    -52.4137931    -33.48477099   
20.67931034    -46.89655172   -30.58832201   
20.67931034    -41.37931034   -27.51655826   
20.67931034    -35.86206897   -24.27115538   
20.67931034    -30.34482759   -20.85597684   
20.67931034    -24.82758621   -17.27724437   
20.67931034    -19.31034483   -13.54365177   
20.67931034    -13.79310345   -9.666414603   
20.67931034    -8.275862069   -5.657795302   
20.67931034    -2.75862069    -1.538235439   
20.67931034    2.75862069     2.678331273    
20.67931034    8.275862069    6.970277055    
20.67931034    13.79310345    11.31588608    
20.67931034    19.31034483    15.6923348     
20.67931034    24.82758621    20.07617238    
20.67931034    30.34482759    24.44382368    
20.67931034    35.86206897    28.77209977    
20.67931034    41.37931034    33.03868767    
20.67931034    46.89655172    37.22259832    
20.67931034    52.4137931     41.3045566     
20.67931034    57.93103448    45.26731743    
20.67931034    63.44827586    49.09589843    
20.67931034    68.96551724    52.77772847    
20.67931034    74.48275862    56.30271168    
20.67931034    80             59.66321378    

62.03793103    -80            -39.46332982   
62.03793103    -74.48275862   -37.5537908    
62.03793103    -68.96551724   -35.51004009   
62.03793103    -63.44827586   -33.32813498   
62.03793103    -57.93103448   -31.00499257   
62.03793103    -52.4137931    -28.53855877   
62.03793103    -46.89655172   -25.92797801   
62.03793103    -41.37931034   -23.17375793   
62.03793103    -35.86206897   -20.27792073   
62.03793103    -30.34482759   -17.24413457   
62.03793103    -24.82758621   -14.07781659   
62.03793103    -19.31034483   -10.78619708   
62.03793103    -13.79310345   -7.378341546   
62.03793103    -8.275862069   -3.865119594   
62.03793103    -2.75862069    -0.2591192967  
62.03793103    2.75862069     3.425491339    
62.03793103    8.275862069    7.173166632    
62.03793103    13.79310345    10.96722521    
62.03793103    19.31034483    14.79014416    
62.03793103    24.82758621    18.62387985    
62.03793103    30.34482759    22.45021218    
62.03793103    35.86206897    26.25109246    
62.03793103    41.37931034    30.00898425    
62.03793103    46.89655172    33.70718201    
62.03793103    52.4137931     37.33009598    
62.03793103    57.93103448    40.86349381    
62.03793103    63.44827586    44.2946917     
62.03793103    68.96551724    47.6126914     
62.03793103    74.48275862    50.8082625     
62.03793103    80             53.87397184    

103.3965517    -80            -33.95820307   
103.3965517    -74.48275862   -32.20728198   
103.3965517    -68.96551724   -30.34343785   
103.3965517    -63.44827586   -28.36401484   
103.3965517    -57.93103448   -26.26706668   
103.3965517    -52.4137931    -24.05147387   
103.3965517    -46.89655172   -21.71706148   
103.3965517    -41.37931034   -19.26471024   
103.3965517    -35.86206897   -16.69645613   
103.3965517    -30.34482759   -14.0155817    
103.3965517    -24.82758621   -11.2266507    
103.3965517    -19.31034483   -8.335597533   
103.3965517    -13.79310345   -5.349704634   
103.3965517    -8.275862069   -2.277550228   
103.3965517    -2.75862069    0.8710064974   
103.3965517    2.75862069     4.0849535      
103.3965517    8.275862069    7.352257533    
103.3965517    13.79310345    10.66003257    
103.3965517    19.31034483    13.99474048    
103.3965517    24.82758621    17.34241082    
103.3965517    30.34482759    20.68887784    
103.3965517    35.86206897    24.02002181    
103.3965517    41.37931034    27.32200854    
103.3965517    46.89655172    30.58151752    
103.3965517    52.4137931     33.78595077    
103.3965517    57.93103448    36.92361627    
103.3965517    63.44827586    39.98388023    
103.3965517    68.96551724    42.95728505    
103.3965517    74.48275862    45.83563191    
103.3965517    80             48.61202717    

144.7551724    -80            -28.86123125   
144.7551724    -74.48275862   -27.27568087   
144.7551724    -68.96551724   -25.59551004   
144.7551724    -63.44827586   -23.8189267    
144.7551724    -57.93103448   -21.94471173   
144.7551724    -52.4137931    -19.97230301   
144.7551724    -46.89655172   -17.90188343   
144.7551724    -41.37931034   -15.7344219    
144.7551724    -35.86206897   -13.47181118   
144.7551724    -30.34482759   -11.11685215   
144.7551724    -24.82758621   -8.67333252    
144.7551724    -19.31034483   -6.146039456   
144.7551724    -13.79310345   -3.540764073   
144.7551724    -8.275862069   -0.8642768123  
144.7551724    -2.75862069    1.875715846    
144.7551724    2.75862069     4.670644128    
144.7551724    8.275862069    7.511169719    
144.7551724    13.79310345    10.387303      
144.7551724    19.31034483    13.28854156    
144.7551724    24.82758621    16.2040221     
144.7551724    30.34482759    19.12268577    
144.7551724    35.86206897    22.03344713    
144.7551724    41.37931034    24.9253642     
144.7551724    46.89655172    27.78780282    
144.7551724    52.4137931     30.61059033    
144.7551724    57.93103448    33.38415423    
144.7551724    63.44827586    36.09964169    
144.7551724    68.96551724    38.74901744    
144.7551724    74.48275862    41.32513837    
144.7551724    80             43.82180426    

186.1137931    -80            -24.14474014   
186.1137931    -74.48275862   -22.72707118   
186.1137931    -68.96551724   -21.23043424   
186.1137931    -63.44827586   -19.65357297   
186.1137931    -57.93103448   -17.99574628   
186.1137931    -52.4137931    -16.25669633   
186.1137931    -46.89655172   -14.43673321   
186.1137931    -41.37931034   -12.53681521   
186.1137931    -35.86206897   -10.55855463   
186.1137931    -30.34482759   -8.504291318   
186.1137931    -24.82758621   -6.377084291   
186.1137931    -19.31034483   -4.180756662   
186.1137931    -13.79310345   -1.919879853   
186.1137931    -8.275862069   0.4002386308   
186.1137931    -2.75862069    2.773587767    
186.1137931    2.75862069     5.193504697    
186.1137931    8.275862069    7.652739001    
186.1137931    13.79310345    10.14353566    
186.1137931    19.31034483    12.65773085    
186.1137931    24.82758621    15.18685799    
186.1137931    30.34482759    17.72226381    
186.1137931    35.86206897    20.25522794    
186.1137931    41.37931034    22.77708436    
186.1137931    46.89655172    25.27934058    
186.1137931    52.4137931     27.75379123    
186.1137931    57.93103448    30.19262231    
186.1137931    63.44827586    32.58850459    
186.1137931    68.96551724    34.93467273    
186.1137931    74.48275862    37.22498958    
186.1137931    80             39.45399434    

227.4724138    -80            -19.78259651   
227.4724138    -74.48275862   -18.53215015   
227.4724138    -68.96551724   -17.2160321    
227.4724138    -63.44827586   -15.83337828   
227.4724138    -57.93103448   -14.38368441   
227.4724138    -52.4137931    -12.86684738   
227.4724138    -46.89655172   -11.28320816   
227.4724138    -41.37931034   -9.633589466   
227.4724138    -35.86206897   -7.91932647    
227.4724138    -30.34482759   -6.142295322   
227.4724138    -24.82758621   -4.304930502   
227.4724138    -19.31034483   -2.410236258   
227.4724138    -13.79310345   -0.461784954   
227.4724138    -8.275862069   1.53629318     
227.4724138    -2.75862069    3.579333166    
227.4724138    2.75862069     5.66217092     
227.4724138    8.275862069    7.779187782    
227.4724138    13.79310345    9.924368501    
227.4724138    19.31034483    12.09136794    
227.4724138    24.82758621    14.2735862     
227.4724138    30.34482759    16.46424896    
227.4724138    35.86206897    18.65649423    
227.4724138    41.37931034    20.84345891    
227.4724138    46.89655172    23.01836572    
227.4724138    52.4137931     25.17460723    
227.4724138    57.93103448    27.30582456    
227.4724138    63.44827586    29.40597961    
227.4724138    68.96551724    31.46941831    
227.4724138    74.48275862    33.49092429    
227.4724138    80             35.46576194    

268.8310345    -80            -15.75161512   
268.8310345    -74.48275862   -14.66531248   
268.8310345    -68.96551724   -13.52464077   
268.8310345    -63.44827586   -12.32893431   
268.8310345    -57.93103448   -11.07783635   
268.8310345    -52.4137931    -9.771294823   
268.8310345    -46.89655172   -8.409598558   
268.8310345    -41.37931034   -6.993405328   
268.8310345    -35.86206897   -5.523765186   
268.8310345    -30.34482759   -4.002140437   
268.8310345    -24.82758621   -2.430418971   
268.8310345    -19.31034483   -0.8109218793  
268.8310345    -13.79310345   0.8535959043   
268.8310345    -8.275862069   2.559953248    
268.8310345    -2.75862069    4.304557927    
268.8310345    2.75862069     6.083431173    
268.8310345    8.275862069    7.89223823     
268.8310345    13.79310345    9.726328846    
268.8310345    19.31034483    11.58078374    
268.8310345    24.82758621    13.45046746    
268.8310345    30.34482759    15.33008522    
268.8310345    35.86206897    17.21424506    
268.8310345    41.37931034    19.09752014    
268.8310345    46.89655172    20.97451247    
268.8310345    52.4137931     22.83991502    
268.8310345    57.93103448    24.68857136    
268.8310345    63.44827586    26.51553097    
268.8310345    68.96551724    28.31609963    
268.8310345    74.48275862    30.08588324    
268.8310345    80             31.8208249     

310.1896552    -80            -12.03301574   
310.1896552    -74.48275862   -11.10589937   
310.1896552    -68.96551724   -10.13394562   
310.1896552    -63.44827586   -9.11663572    
310.1896552    -57.93103448   -8.053666706   
310.1896552    -52.4137931    -6.944975523   
310.1896552    -46.89655172   -5.790760756   
310.1896552    -41.37931034   -4.591503631   
310.1896552    -35.86206897   -3.347985144   
310.1896552    -30.34482759   -2.061301596   
310.1896552    -24.82758621   -0.7328746117  
310.1896552    -19.31034483   0.6355421276   
310.1896552    -13.79310345   2.041862243    
310.1896552    -8.275862069   3.483669583    
310.1896552    -2.75862069    4.958229939    
310.1896552    2.75862069     6.462505688    
310.1896552    8.275862069    7.993177794    
310.1896552    13.79310345    9.546673155    
310.1896552    19.31034483    11.11919719    
310.1896552    24.82758621    12.70677069    
310.1896552    30.34482759    14.30527094    
310.1896552    35.86206897    15.91047463    
310.1896552    41.37931034    17.51810464    
310.1896552    46.89655172    19.12387568    
310.1896552    52.4137931     20.72354081    
310.1896552    57.93103448    22.31293621    
310.1896552    63.44827586    23.88802389    
310.1896552    68.96551724    25.44493107    
310.1896552    74.48275862    26.97998588    
310.1896552    80             28.48974828    

351.5482759    -80            -8.61453468    
351.5482759    -74.48275862   -7.839961861   
351.5482759    -68.96551724   -7.028594601   
351.5482759    -63.44827586   -6.17997682    
351.5482759    -57.93103448   -5.293817344   
351.5482759    -52.4137931    -4.370008455   
351.5482759    -46.89655172   -3.408643729   
351.5482759    -41.37931034   -2.410027381   
351.5482759    -35.86206897   -1.374701051   
351.5482759    -30.34482759   -0.3034424022  
351.5482759    -24.82758621   0.8027190951   
351.5482759    -19.31034483   1.942498861    
351.5482759    -13.79310345   3.114354023    
351.5482759    -8.275862069   4.316486119    
351.5482759    -2.75862069    5.546846763    
351.5482759    2.75862069     6.803147954    
351.5482759    8.275862069    8.082876298    
351.5482759    13.79310345    9.383311934    
351.5482759    19.31034483    10.70155086    
351.5482759    24.82758621    12.0345308     
351.5482759    30.34482759    13.37906033    
351.5482759    35.86206897    14.73184944    
351.5482759    41.37931034    16.08954361    
351.5482759    46.89655172    17.44875704    
351.5482759    52.4137931     18.8061074     
351.5482759    57.93103448    20.15824942    
351.5482759    63.44827586    21.50190781    
351.5482759    68.96551724    22.83390789    
351.5482759    74.48275862    24.15120434    
351.5482759    80             25.45090656    

392.9068966    -80            -5.494335384   
392.9068966    -74.48275862   -4.863906475   
392.9068966    -68.96551724   -4.20341996    
392.9068966    -63.44827586   -3.512444154   
392.9068966    -57.93103448   -2.790668201   
392.9068966    -52.4137931    -2.037927163   
392.9068966    -46.89655172   -1.25420388    
392.9068966    -41.37931034   -0.4396471815  
392.9068966    -35.86206897   0.4054182982   
392.9068966    -30.34482759   1.280482085    
392.9068966    -24.82758621   2.184840947    
392.9068966    -19.31034483   3.117593512    
392.9068966    -13.79310345   4.07763734     
392.9068966    -8.275862069   5.06366921     
392.9068966    -2.75862069    6.074188355    
392.9068966    2.75862069     7.107502535    
392.9068966    8.275862069    8.161737366    
392.9068966    13.79310345    9.234848942    
392.9068966    19.31034483    10.3246389     
392.9068966    24.82758621    11.42877263    
392.9068966    30.34482759    12.5447995     
392.9068966    35.86206897    13.67017536    
392.9068966    41.37931034    14.80228583    
392.9068966    46.89655172    15.93847215    
392.9068966    52.4137931     17.07605608    
392.9068966    57.93103448    18.21236549    
392.9068966    63.44827586    19.34475942    
392.9068966    68.96551724    20.47065222    
392.9068966    74.48275862    21.58753606    
392.9068966    80             22.69300193    

434.2655172    -80            -2.689478643   
434.2655172    -74.48275862   -2.192369946   
434.2655172    -68.96551724   -1.670780959   
434.2655172    -63.44827586   -1.12428066    
434.2655172    -57.93103448   -0.5525319185  
434.2655172    -52.4137931    0.04469705605  
434.2655172    -46.89655172   0.6675220882   
434.2655172    -41.37931034   1.315933241    
434.2655172    -35.86206897   1.989785116    
434.2655172    -30.34482759   2.688789223    
434.2655172    -24.82758621   3.412507338    
434.2655172    -19.31034483   4.160346143    
434.2655172    -13.79310345   4.931554438    
434.2655172    -8.275862069   5.72522204     
434.2655172    -2.75862069    6.540281005    
434.2655172    2.75862069     7.375508684    
434.2655172    8.275862069    8.22953385     
434.2655172    13.79310345    9.100844639    
434.2655172    19.31034483    9.987798751    
434.2655172    24.82758621    10.8886359     
434.2655172    30.34482759    11.8014921     
434.2655172    35.86206897    12.72441544    
434.2655172    41.37931034    13.65538358    
434.2655172    46.89655172    14.59232131    
434.2655172    52.4137931     15.53312046    
434.2655172    57.93103448    16.47565845    
434.2655172    63.44827586    17.41781761    
434.2655172    68.96551724    18.35750392    
434.2655172    74.48275862    19.29266486    
434.2655172    80             20.22130646    

475.6241379    -80            -0.2564740971  
475.6241379    -74.48275862   0.122435039    
475.6241379    -68.96551724   0.5213271522   
475.6241379    -63.44827586   0.9406405991   
475.6241379    -57.93103448   1.380741852    
475.6241379    -52.4137931    1.841918135    
475.6241379    -46.89655172   2.324368       
475.6241379    -41.37931034   2.828193192    
475.6241379    -35.86206897   3.353390361    
475.6241379    -30.34482759   3.899844768    
475.6241379    -24.82758621   4.467323918    
475.6241379    -19.31034483   5.055473157    
475.6241379    -13.79310345   5.663812031    
475.6241379    -8.275862069   6.291732886    
475.6241379    -2.75862069    6.938500254    
475.6241379    2.75862069     7.603252593    
475.6241379    8.275862069    8.285005619    
475.6241379    13.79310345    8.982657242    
475.6241379    19.31034483    9.69499447     
475.6241379    24.82758621    10.42070169    
475.6241379    30.34482759    11.15837079    
475.6241379    35.86206897    11.90651227    
475.6241379    41.37931034    12.66356788    
475.6241379    46.89655172    13.42792383    
475.6241379    52.4137931     14.19792522    
475.6241379    57.93103448    14.9718897     
475.6241379    63.44827586    15.74812328    
475.6241379    68.96551724    16.5249342     
475.6241379    74.48275862    17.30064717    
475.6241379    80             18.07361727    

516.9827586    -80            1.655518513    
516.9827586    -74.48275862   1.940539768    
516.9827586    -68.96551724   2.242169991    
516.9827586    -63.44827586   2.560846793    
516.9827586    -57.93103448   2.89695332     
516.9827586    -52.4137931    3.250810786    
516.9827586    -46.89655172   3.622671112    
516.9827586    -41.37931034   4.012709877    
516.9827586    -35.86206897   4.421019525    
516.9827586    -30.34482759   4.847603676    
516.9827586    -24.82758621   5.292371623    
516.9827586    -19.31034483   5.755134181    
516.9827586    -13.79310345   6.235600331    
516.9827586    -8.275862069   6.73337493     
516.9827586    -2.75862069    7.247958102    
516.9827586    2.75862069     7.778745114    
516.9827586    8.275862069    8.325028808    
516.9827586    13.79310345    8.886002246    
516.9827586    19.31034483    9.460763336    
516.9827586    24.82758621    10.04832067    
516.9827586    30.34482759    10.64760043    
516.9827586    35.86206897    11.25745467    
516.9827586    41.37931034    11.87667033    
516.9827586    46.89655172    12.50397929    
516.9827586    52.4137931     13.13806888    
516.9827586    57.93103448    13.77759304    
516.9827586    63.44827586    14.42118359    
516.9827586    68.96551724    15.06746182    
516.9827586    74.48275862    15.71504983    
516.9827586    80             16.36258085    

558.3413793    -80            2.714019898    
558.3413793    -74.48275862   2.94884307     
558.3413793    -68.96551724   3.198263581    
558.3413793    -63.44827586   3.462691685    
558.3413793    -57.93103448   3.742492356    
558.3413793    -52.4137931    4.037978697    
558.3413793    -46.89655172   4.34940599     
558.3413793    -41.37931034   4.6769656      
558.3413793    -35.86206897   5.020779552    
558.3413793    -30.34482759   5.380895427    
558.3413793    -24.82758621   5.75728195     
558.3413793    -19.31034483   6.149825022    
558.3413793    -13.79310345   6.558325165    
558.3413793    -8.275862069   6.982495047    
558.3413793    -2.75862069    7.421958945    
558.3413793    2.75862069     7.876252188    
558.3413793    8.275862069    8.344822683    
558.3413793    13.79310345    8.827032823    
558.3413793    19.31034483    9.322162769    
558.3413793    24.82758621    9.829414782    
558.3413793    30.34482759    10.34791847    
558.3413793    35.86206897    10.876737      
558.3413793    41.37931034    11.41487415    
558.3413793    46.89655172    11.96128207    
558.3413793    52.4137931     12.51486946    
558.3413793    57.93103448    13.07451056    
558.3413793    63.44827586    13.63905407    
558.3413793    68.96551724    14.20733243    
558.3413793    74.48275862    14.77817101    
558.3413793    80             15.35039709    

599.7          -80            2.94287717     
599.7          -74.48275862   3.171862909    
599.7          -68.96551724   3.414561314    
599.7          -63.44827586   3.67132642     
599.7          -57.93103448   3.94247055     
599.7          -52.4137931    4.228258854    
599.7          -46.89655172   4.528904426    
599.7          -41.37931034   4.844563316    
599.7          -35.86206897   5.175329907    
599.7          -30.34482759   5.521233015    
599.7          -24.82758621   5.882231991    
599.7          -19.31034483   6.258213998    
599.7          -13.79310345   6.648991506    
599.7          -8.275862069   7.054300785    
599.7          -2.75862069    7.473801036    
599.7          2.75862069     7.9070746      
599.7          8.275862069    8.353627728    
599.7          13.79310345    8.81289255     
599.7          19.31034483    9.284229704    
599.7          24.82758621    9.766931878    
599.7          30.34482759    10.26022821    
599.7          35.86206897    10.76328937    
599.7          41.37931034    11.2752334     
599.7          46.89655172    11.79513202    
599.7          52.4137931     12.32201757    
599.7          57.93103448    12.85489026    
599.7          63.44827586    13.39272568    
599.7          68.96551724    13.93448254    
599.7          74.48275862    14.47911034    
599.7          80             15.02555704    
