-599.7         -80            -4.391037586   
-599.7         -74.48275862   -4.390812975   
-599.7         -68.96551724   -4.390515663   
-599.7         -63.44827586   -4.390118074   
-599.7         -57.93103448   -4.389567777   
-599.7         -52.4137931    -4.388788018   
-599.7         -46.89655172   -4.387632375   
-599.7         -41.37931034   -4.385837208   
-599.7         -35.86206897   -4.382854739   
-599.7         -30.34482759   -4.377413387   
-599.7         -24.82758621   -4.365957247   
-599.7         -19.31034483   -4.334916923   
-599.7         -13.79310345   -4.180533837   
-599.7         -8.275862069   -0.9182043096  
-599.7         -2.75862069    -0.1768374994  
-599.7         2.75862069     -0.05008161629 
-599.7         8.275862069    0.1597530594   
-599.7         13.79310345    1.140108673    
-599.7         19.31034483    2.095693712    
-599.7         24.82758621    2.761628332    
-599.7         30.34482759    3.246013012    
-599.7         35.86206897    3.612720183    
-599.7         41.37931034    3.898970398    
-599.7         46.89655172    4.128140333    
-599.7         52.4137931     4.315334227    
-599.7         57.93103448    4.47083174     
-599.7         63.44827586    4.601750628    
-599.7         68.96551724    4.713450385    
-599.7         74.48275862    4.809584639    
-599.7         80             4.89309875     

-558.3413793   -80            -4.223507713   
-558.3413793   -74.48275862   -4.223275939   
-558.3413793   -68.96551724   -4.222967734   
-558.3413793   -63.44827586   -4.222546378   
-558.3413793   -57.93103448   -4.221949027   
-558.3413793   -52.4137931    -4.221054985   
-558.3413793   -46.89655172   -4.219592559   
-558.3413793   -41.37931034   -4.216818808   
-558.3413793   -35.86206897   -4.210300149   
-558.3413793   -30.34482759   -4.191019306   
-558.3413793   -24.82758621   -4.123887087   
-558.3413793   -19.31034483   -3.880661277   
-558.3413793   -13.79310345   -3.135750249   
-558.3413793   -8.275862069   -1.784875241   
-558.3413793   -2.75862069    -0.6607046305  
-558.3413793   2.75862069     -0.06759803416 
-558.3413793   8.275862069    0.4323909277   
-558.3413793   13.79310345    1.126378156    
-558.3413793   19.31034483    1.898520919    
-558.3413793   24.82758621    2.553872006    
-558.3413793   30.34482759    3.055630301    
-558.3413793   35.86206897    3.436221183    
-558.3413793   41.37931034    3.730732687    
-558.3413793   46.89655172    3.964285693    
-558.3413793   52.4137931     4.153632855    
-558.3413793   57.93103448    4.310016098    
-558.3413793   63.44827586    4.441182729    
-558.3413793   68.96551724    4.552631066    
-558.3413793   74.48275862    4.648369615    
-558.3413793   80             4.731390319    

-516.9827586   -80            -4.055779794   
-516.9827586   -74.48275862   -4.055221312   
-516.9827586   -68.96551724   -4.054239257   
-516.9827586   -63.44827586   -4.052415477   
-516.9827586   -57.93103448   -4.04888217    
-516.9827586   -52.4137931    -4.041829345   
-516.9827586   -46.89655172   -4.027484829   
-516.9827586   -41.37931034   -3.998058727   
-516.9827586   -35.86206897   -3.9378522     
-516.9827586   -30.34482759   -3.816899661   
-516.9827586   -24.82758621   -3.584322464   
-516.9827586   -19.31034483   -3.173668823   
-516.9827586   -13.79310345   -2.545290807   
-516.9827586   -8.275862069   -1.756599507   
-516.9827586   -2.75862069    -0.9505654307  
-516.9827586   2.75862069     -0.2234657437  
-516.9827586   8.275862069    0.4382382805   
-516.9827586   13.79310345    1.079499779    
-516.9827586   19.31034483    1.701298361    
-516.9827586   24.82758621    2.269344996    
-516.9827586   30.34482759    2.755535541    
-516.9827586   35.86206897    3.154079885    
-516.9827586   41.37931034    3.474495788    
-516.9827586   46.89655172    3.731446539    
-516.9827586   52.4137931     3.939006128    
-516.9827586   57.93103448    4.108685413    
-516.9827586   63.44827586    4.249293248    
-516.9827586   68.96551724    4.367376233    
-516.9827586   74.48275862    4.467774815    
-516.9827586   80             4.554083478    

-475.6241379   -80            -3.882566563   
-475.6241379   -74.48275862   -3.878196971   
-475.6241379   -68.96551724   -3.87103276    
-475.6241379   -63.44827586   -3.85926941    
-475.6241379   -57.93103448   -3.839965113   
-475.6241379   -52.4137931    -3.808382446   
-475.6241379   -46.89655172   -3.757048927   
-475.6241379   -41.37931034   -3.674578142   
-475.6241379   -35.86206897   -3.544599525   
-475.6241379   -30.34482759   -3.345806264   
-475.6241379   -24.82758621   -3.055050691   
-475.6241379   -19.31034483   -2.655440511   
-475.6241379   -13.79310345   -2.147960421   
-475.6241379   -8.275862069   -1.558023383   
-475.6241379   -2.75862069    -0.9268601179  
-475.6241379   2.75862069     -0.2917655016  
-475.6241379   8.275862069    0.3261652112   
-475.6241379   13.79310345    0.9175061843   
-475.6241379   19.31034483    1.473862815    
-475.6241379   24.82758621    1.984081614    
-475.6241379   30.34482759    2.437867515    
-475.6241379   35.86206897    2.83008454     
-475.6241379   41.37931034    3.161755346    
-475.6241379   46.89655172    3.438404984    
-475.6241379   52.4137931     3.667700685    
-475.6241379   57.93103448    3.857664416    
-475.6241379   63.44827586    4.015635169    
-475.6241379   68.96551724    4.147863102    
-475.6241379   74.48275862    4.259445667    
-475.6241379   80             4.354439712    

-434.2655172   -80            -3.690836647   
-434.2655172   -74.48275862   -3.676277657   
-434.2655172   -68.96551724   -3.655113917   
-434.2655172   -63.44827586   -3.624450764   
-434.2655172   -57.93103448   -3.580245523   
-434.2655172   -52.4137931    -3.516981933   
-434.2655172   -46.89655172   -3.427386532   
-434.2655172   -41.37931034   -3.302347912   
-434.2655172   -35.86206897   -3.131312323   
-434.2655172   -30.34482759   -2.903504254   
-434.2655172   -24.82758621   -2.610197109   
-434.2655172   -19.31034483   -2.247734579   
-434.2655172   -13.79310345   -1.820125462   
-434.2655172   -8.275862069   -1.339494629   
-434.2655172   -2.75862069    -0.8224028327  
-434.2655172   2.75862069     -0.2911039747  
-434.2655172   8.275862069    0.2410461594   
-434.2655172   13.79310345    0.7594315954   
-434.2655172   19.31034483    1.25308256     
-434.2655172   24.82758621    1.712946773    
-434.2655172   30.34482759    2.132114444    
-434.2655172   35.86206897    2.506435161    
-434.2655172   41.37931034    2.834789449    
-434.2655172   46.89655172    3.118748466    
-434.2655172   52.4137931     3.361806787    
-434.2655172   57.93103448    3.568524652    
-434.2655172   63.44827586    3.743808028    
-434.2655172   68.96551724    3.892413424    
-434.2655172   74.48275862    4.018666738    
-434.2655172   80             4.126331701    

-392.9068966   -80            -3.473991447   
-392.9068966   -74.48275862   -3.445267978   
-392.9068966   -68.96551724   -3.406768708   
-392.9068966   -63.44827586   -3.355419629   
-392.9068966   -57.93103448   -3.28737717    
-392.9068966   -52.4137931    -3.197982237   
-392.9068966   -46.89655172   -3.081826158   
-392.9068966   -41.37931034   -2.933005639   
-392.9068966   -35.86206897   -2.745644274   
-392.9068966   -30.34482759   -2.514714711   
-392.9068966   -24.82758621   -2.237086944   
-392.9068966   -19.31034483   -1.91256671    
-392.9068966   -13.79310345   -1.544556096   
-392.9068966   -8.275862069   -1.140000635   
-392.9068966   -2.75862069    -0.708553683   
-392.9068966   2.75862069     -0.2612635917  
-392.9068966   8.275862069    0.1907121315   
-392.9068966   13.79310345    0.6370035359   
-392.9068966   19.31034483    1.068508398    
-392.9068966   24.82758621    1.477650117    
-392.9068966   30.34482759    1.858576607    
-392.9068966   35.86206897    2.207317165    
-392.9068966   41.37931034    2.521814079    
-392.9068966   46.89655172    2.80178304     
-392.9068966   52.4137931     3.04834151     
-392.9068966   57.93103448    3.263717913    
-392.9068966   63.44827586    3.450732497    
-392.9068966   68.96551724    3.612503846    
-392.9068966   74.48275862    3.752173591    
-392.9068966   80             3.872729102    

-351.5482759   -80            -3.236179092   
-351.5482759   -74.48275862   -3.193187301   
-351.5482759   -68.96551724   -3.138742104   
-351.5482759   -63.44827586   -3.070174613   
-351.5482759   -57.93103448   -2.984416935   
-351.5482759   -52.4137931    -2.8780686     
-351.5482759   -46.89655172   -2.747543023   
-351.5482759   -41.37931034   -2.589314603   
-351.5482759   -35.86206897   -2.400272678   
-351.5482759   -30.34482759   -2.17816004    
-351.5482759   -24.82758621   -1.922034229   
-351.5482759   -19.31034483   -1.63265322    
-351.5482759   -13.79310345   -1.312675267   
-351.5482759   -8.275862069   -0.9665955305  
-351.5482759   -2.75862069    -0.6004164805  
-351.5482759   2.75862069     -0.2211318378  
-351.5482759   8.275862069    0.1638508327   
-351.5482759   13.79310345    0.5472385451   
-351.5482759   19.31034483    0.9222777932   
-351.5482759   24.82758621    1.283070814    
-351.5482759   30.34482759    1.624796696    
-351.5482759   35.86206897    1.943844072    
-351.5482759   41.37931034    2.23785078     
-351.5482759   46.89655172    2.505784049    
-351.5482759   52.4137931     2.747218301    
-351.5482759   57.93103448    2.963079095    
-351.5482759   63.44827586    3.154744258    
-351.5482759   68.96551724    3.324011257    
-351.5482759   74.48275862    3.472949685    
-351.5482759   80             3.603616186    

-310.1896552   -80            -2.986479419   
-310.1896552   -74.48275862   -2.93161219    
-310.1896552   -68.96551724   -2.864946312   
-310.1896552   -63.44827586   -2.7844007     
-310.1896552   -57.93103448   -2.687737385   
-310.1896552   -52.4137931    -2.572646185   
-310.1896552   -46.89655172   -2.436872357   
-310.1896552   -41.37931034   -2.278388451   
-310.1896552   -35.86206897   -2.095602548   
-310.1896552   -30.34482759   -1.887583289   
-310.1896552   -24.82758621   -1.654270274   
-310.1896552   -19.31034483   -1.39663112    
-310.1896552   -13.79310345   -1.116728868   
-310.1896552   -8.275862069   -0.8176776282  
-310.1896552   -2.75862069    -0.503486891   
-310.1896552   2.75862069     -0.1788197099  
-310.1896552   8.275862069    0.1512995377   
-310.1896552   13.79310345    0.4817826856   
-310.1896552   19.31034483    0.8077521797   
-310.1896552   24.82758621    1.124775647    
-310.1896552   30.34482759    1.429041297    
-310.1896552   35.86206897    1.717476797    
-310.1896552   41.37931034    1.987810896    
-310.1896552   46.89655172    2.238568966    
-310.1896552   52.4137931     2.469023128    
-310.1896552   57.93103448    2.679099522    
-310.1896552   63.44827586    2.869250926    
-310.1896552   68.96551724    3.040385287    
-310.1896552   74.48275862    3.193634802    
-310.1896552   80             3.330354491    

-268.8310345   -80            -2.733980491   
-268.8310345   -74.48275862   -2.670561103   
-268.8310345   -68.96551724   -2.5958696     
-268.8310345   -63.44827586   -2.508378717   
-268.8310345   -57.93103448   -2.406534398   
-268.8310345   -52.4137931    -2.288826364   
-268.8310345   -46.89655172   -2.153879038   
-268.8310345   -41.37931034   -2.000559796   
-268.8310345   -35.86206897   -1.828097303   
-268.8310345   -30.34482759   -1.636198436   
-268.8310345   -24.82758621   -1.425148928   
-268.8310345   -19.31034483   -1.195881834   
-268.8310345   -13.79310345   -0.9500003114  
-268.8310345   -8.275862069   -0.6897469471  
-268.8310345   -2.75862069    -0.4179201369  
-268.8310345   2.75862069     -0.1377464209  
-268.8310345   8.275862069    0.147279165    
-268.8310345   13.79310345    0.4335630707   
-268.8310345   19.31034483    0.717582587    
-268.8310345   24.82758621    0.9960403195   
-268.8310345   30.34482759    1.265986279    
-268.8310345   35.86206897    1.524915951    
-268.8310345   41.37931034    1.770827027    
-268.8310345   46.89655172    2.002241626    
-268.8310345   52.4137931     2.218196506    
-268.8310345   57.93103448    2.418206039    
-268.8310345   63.44827586    2.602203923    
-268.8310345   68.96551724    2.770474599    
-268.8310345   74.48275862    2.923579155    
-268.8310345   80             3.062283114    

-227.4724138   -80            -2.485759046   
-227.4724138   -74.48275862   -2.417079862   
-227.4724138   -68.96551724   -2.33811573    
-227.4724138   -63.44827586   -2.247785507   
-227.4724138   -57.93103448   -2.145041111   
-227.4724138   -52.4137931    -2.028918833   
-227.4724138   -46.89655172   -1.898599494   
-227.4724138   -41.37931034   -1.753474475   
-227.4724138   -35.86206897   -1.593213024   
-227.4724138   -30.34482759   -1.417824494   
-227.4724138   -24.82758621   -1.227708515   
-227.4724138   -19.31034483   -1.023686026   
-227.4724138   -13.79310345   -0.807005564   
-227.4724138   -8.275862069   -0.5793219584  
-227.4724138   -2.75862069    -0.3426471906  
-227.4724138   2.75862069     -0.09927777831 
-227.4724138   8.275862069    0.1482977738   
-227.4724138   13.79310345    0.397498445    
-227.4724138   19.31034483    0.6457559331   
-227.4724138   24.82758621    0.8906117168   
-227.4724138   30.34482759    1.129802942    
-227.4724138   35.86206897    1.36133122     
-227.4724138   41.37931034    1.583511781    
-227.4724138   46.89655172    1.795001153    
-227.4724138   52.4137931     1.994805236    
-227.4724138   57.93103448    2.18226808     
-227.4724138   63.44827586    2.35704736     
-227.4724138   68.96551724    2.519078529    
-227.4724138   74.48275862    2.668532784    
-227.4724138   80             2.805772403    

-186.1137931   -80            -2.246593804   
-186.1137931   -74.48275862   -2.175487306   
-186.1137931   -68.96551724   -2.095264095   
-186.1137931   -63.44827586   -2.005176138   
-186.1137931   -57.93103448   -1.904530348   
-186.1137931   -52.4137931    -1.792723769   
-186.1137931   -46.89655172   -1.669282271   
-186.1137931   -41.37931034   -1.533900624   
-186.1137931   -35.86206897   -1.386481227   
-186.1137931   -30.34482759   -1.227168063   
-186.1137931   -24.82758621   -1.056372534   
-186.1137931   -19.31034483   -0.874787677   
-186.1137931   -13.79310345   -0.683388444   
-186.1137931   -8.275862069   -0.4834165938  
-186.1137931   -2.75862069    -0.2763506727  
-186.1137931   2.75862069     -0.06385442692 
-186.1137931   8.275862069    0.1522428403   
-186.1137931   13.79310345    0.370076463    
-186.1137931   19.31034483    0.5877447426   
-186.1137931   24.82758621    0.8034023968   
-186.1137931   30.34482759    1.015313766    
-186.1137931   35.86206897    1.22190038     
-186.1137931   41.37931034    1.421779313    
-186.1137931   46.89655172    1.613789037    
-186.1137931   52.4137931     1.797002194    
-186.1137931   57.93103448    1.970727707    
-186.1137931   63.44827586    2.134502306    
-186.1137931   68.96551724    2.288073978    
-186.1137931   74.48275862    2.431379472    
-186.1137931   80             2.564518156    

-144.7551724   -80            -2.019345612   
-144.7551724   -74.48275862   -1.948065988   
-144.7551724   -68.96551724   -1.868853981   
-144.7551724   -63.44827586   -1.78120018    
-144.7551724   -57.93103448   -1.684653382   
-144.7551724   -52.4137931    -1.578844187   
-144.7551724   -46.89655172   -1.46350963    
-144.7551724   -41.37931034   -1.33851764    
-144.7551724   -35.86206897   -1.203889669   
-144.7551724   -30.34482759   -1.059819665   
-144.7551724   -24.82758621   -0.9066876718  
-144.7551724   -19.31034483   -0.745066297   
-144.7551724   -13.79310345   -0.5757189085  
-144.7551724   -8.275862069   -0.399589034   
-144.7551724   -2.75862069    -0.2177811864  
-144.7551724   2.75862069     -0.03153298309 
-144.7551724   8.275862069    0.1578189134   
-144.7551724   13.79310345    0.3488774044   
-144.7551724   19.31034483    0.5402255724   
-144.7551724   24.82758621    0.7304672404   
-144.7551724   30.34482759    0.9182665232   
-144.7551724   35.86206897    1.102376901    
-144.7551724   41.37931034    1.281689823    
-144.7551724   46.89655172    1.455215924    
-144.7551724   52.4137931     1.622138311    
-144.7551724   57.93103448    1.781799442    
-144.7551724   63.44827586    1.93370458     
-144.7551724   68.96551724    2.077515572    
-144.7551724   74.48275862    2.213039919    
-144.7551724   80             2.340216404    

-103.3965517   -80            -1.805473053   
-103.3965517   -74.48275862   -1.735724167   
-103.3965517   -68.96551724   -1.659156626   
-103.3965517   -63.44827586   -1.575427748   
-103.3965517   -57.93103448   -1.484248243   
-103.3965517   -52.4137931    -1.385397832   
-103.3965517   -46.89655172   -1.278740993   
-103.3965517   -41.37931034   -1.164242016   
-103.3965517   -35.86206897   -1.041978456   
-103.3965517   -30.34482759   -0.9121519977  
-103.3965517   -24.82758621   -0.7750956747  
-103.3965517   -19.31034483   -0.6312767236  
-103.3965517   -13.79310345   -0.4812943404  
-103.3965517   -8.275862069   -0.3258726258  
-103.3965517   -2.75862069    -0.1658470373  
-103.3965517   2.75862069     -0.002147307539
-103.3965517   8.275862069    0.1642246902   
-103.3965517   13.79310345    0.3322182261   
-103.3965517   19.31034483    0.5007637793   
-103.3965517   24.82758621    0.6687952174   
-103.3965517   30.34482759    0.8352791721   
-103.3965517   35.86206897    0.9992372509   
-103.3965517   41.37931034    1.15976735     
-103.3965517   46.89655172    1.316059402    
-103.3965517   52.4137931     1.467408082    
-103.3965517   57.93103448    1.613220095    
-103.3965517   63.44827586    1.7530173      
-103.3965517   68.96551724    1.8864358      
-103.3965517   74.48275862    2.01322145     
-103.3965517   80             2.133222617    

-62.03793103   -80            -1.605485811   
-62.03793103   -74.48275862   -1.538503627   
-62.03793103   -68.96551724   -1.465707105   
-62.03793103   -63.44827586   -1.386868121   
-62.03793103   -57.93103448   -1.301804293   
-62.03793103   -52.4137931    -1.210389274   
-62.03793103   -46.89655172   -1.11256292    
-62.03793103   -41.37931034   -1.008340657   
-62.03793103   -35.86206897   -0.8978216433  
-62.03793103   -30.34482759   -0.7811950694  
-62.03793103   -24.82758621   -0.6587440883  
-62.03793103   -19.31034483   -0.5308470215  
-62.03793103   -13.79310345   -0.397975193   
-62.03793103   -8.275862069   -0.2606882295  
-62.03793103   -2.75862069    -0.1196244164  
-62.03793103   2.75862069     0.02450943763  
-62.03793103   8.275862069    0.1709537105   
-62.03793103   13.79310345    0.3189109802   
-62.03793103   19.31034483    0.4675636917   
-62.03793103   24.82758621    0.6160925531   
-62.03793103   30.34482759    0.7636932136   
-62.03793103   35.86206897    0.9095942087   
-62.03793103   41.37931034    1.053070704    
-62.03793103   46.89655172    1.193457561    
-62.03793103   52.4137931     1.330159138    
-62.03793103   57.93103448    1.462656433    
-62.03793103   63.44827586    1.590511312    
-62.03793103   68.96551724    1.71336804     
-62.03793103   74.48275862    1.830952321    
-62.03793103   80             1.943068116    

-20.67931034   -80            -1.419289165   
-20.67931034   -74.48275862   -1.355934452   
-20.67931034   -68.96551724   -1.287648573   
-20.67931034   -63.44827586   -1.214281103   
-20.67931034   -57.93103448   -1.135719328   
-20.67931034   -52.4137931    -1.051895093   
-20.67931034   -46.89655172   -0.9627913597  
-20.67931034   -41.37931034   -0.8684481954  
-20.67931034   -35.86206897   -0.7689677607  
-20.67931034   -30.34482759   -0.6645181266  
-20.67931034   -24.82758621   -0.555335418   
-20.67931034   -19.31034483   -0.4417239888  
-20.67931034   -13.79310345   -0.324055585   
-20.67931034   -8.275862069   -0.2027643734  
-20.67931034   -2.75862069    -0.07834214408 
-20.67931034   2.75862069     0.04866893887  
-20.67931034   8.275862069    0.177688406    
-20.67931034   13.79310345    0.3081042669   
-20.67931034   19.31034483    0.4392874678   
-20.67931034   24.82758621    0.5706032262   
-20.67931034   30.34482759    0.7014228839   
-20.67931034   35.86206897    0.831136042    
-20.67931034   41.37931034    0.9591609414   
-20.67931034   46.89655172    1.08495402     
-20.67931034   52.4137931     1.208017738    
-20.67931034   57.93103448    1.327906721    
-20.67931034   63.44827586    1.444232037    
-20.67931034   68.96551724    1.556663716    
-20.67931034   74.48275862    1.664931444    
-20.67931034   80             1.768823791    

20.67931034    -80            -1.246427522   
20.67931034    -74.48275862   -1.187270244   
20.67931034    -68.96551724   -1.123946449   
20.67931034    -63.44827586   -1.056357757   
20.67931034    -57.93103448   -0.9844361326  
20.67931034    -52.4137931    -0.9081485807  
20.67931034    -46.89655172   -0.8275013089  
20.67931034    -41.37931034   -0.7425436577  
20.67931034    -35.86206897   -0.6533713143  
20.67931034    -30.34482759   -0.5601284841  
20.67931034    -24.82758621   -0.4630091246  
20.67931034    -19.31034483   -0.3622574115  
20.67931034    -13.79310345   -0.2581657999  
20.67931034    -8.275862069   -0.151073014   
20.67931034    -2.75862069    -0.04135981288 
20.67931034    2.75862069     0.07055542785  
20.67931034    8.275862069    0.1842256613   
20.67931034    13.79310345    0.2991779321   
20.67931034    19.31034483    0.414924948    
20.67931034    24.82758621    0.5309723008   
20.67931034    30.34482759    0.6468260556   
20.67931034    35.86206897    0.7620022061   
20.67931034    41.37931034    0.8760336127   
20.67931034    46.89655172    0.9884773644   
20.67931034    52.4137931     1.098920728    
20.67931034    57.93103448    1.206986274    
20.67931034    63.44827586    1.312335731    
20.67931034    68.96551724    1.41467264     
20.67931034    74.48275862    1.513743873    
20.67931034    80             1.609340051    

62.03793103    -80            -1.086249917   
62.03793103    -74.48275862   -1.031639418   
62.03793103    -68.96551724   -0.9735179721  
62.03793103    -63.44827586   -0.9118215697  
62.03793103    -57.93103448   -0.846510286   
62.03793103    -52.4137931    -0.7775713751  
62.03793103    -46.89655172   -0.7050222518  
62.03793103    -41.37931034   -0.6289129825  
62.03793103    -35.86206897   -0.5493280492  
62.03793103    -30.34482759   -0.4663881293  
62.03793103    -24.82758621   -0.3802511518  
62.03793103    -19.31034483   -0.2911114403  
62.03793103    -13.79310345   -0.199203724   
62.03793103    -8.275862069   -0.1047786996  
62.03793103    -2.75862069    -0.008146438589
62.03793103    2.75862069     0.09037419375  
62.03793103    8.275862069    0.1904361342   
62.03793103    13.79310345    0.2916726873   
62.03793103    19.31034483    0.3937043442   
62.03793103    24.82758621    0.4961439208   
62.03793103    30.34482759    0.5986025401   
62.03793103    35.86206897    0.7006950542   
62.03793103    41.37931034    0.8020463457   
62.03793103    46.89655172    0.9022961118   
62.03793103    52.4137931     1.001103609    
62.03793103    57.93103448    1.098151721    
62.03793103    63.44827586    1.193150241    
62.03793103    68.96551724    1.285838399    
62.03793103    74.48275862    1.375986603    
62.03793103    80             1.463397446    

103.3965517    -80            -0.9380195099  
103.3965517    -74.48275862   -0.8881400978  
103.3965517    -68.96551724   -0.8353083143  
103.3965517    -63.44827586   -0.7794824796  
103.3965517    -57.93103448   -0.7206396488  
103.3965517    -52.4137931    -0.658778126   
103.3965517    -46.89655172   -0.5939191386  
103.3965517    -41.37931034   -0.5261086336  
103.3965517    -35.86206897   -0.4554184742  
103.3965517    -30.34482759   -0.3819482033  
103.3965517    -24.82758621   -0.3058305826  
103.3965517    -19.31034483   -0.2271996026  
103.3965517    -13.79310345   -0.1462562317  
103.3965517    -8.275862069   -0.06320035134 
103.3965517    -2.75862069    0.0217375949   
103.3965517    2.75862069     0.1083068703   
103.3965517    8.275862069    0.1962372078   
103.3965517    13.79310345    0.2852430644   
103.3965517    19.31034483    0.3750280109   
103.3965517    24.82758621    0.4652879411   
103.3965517    30.34482759    0.5557155628   
103.3965517    35.86206897    0.6460045707   
103.3965517    41.37931034    0.7358531584   
103.3965517    46.89655172    0.8249687371   
103.3965517    52.4137931     0.9130709682   
103.3965517    57.93103448    0.9998950749   
103.3965517    63.44827586    1.085194511    
103.3965517    68.96551724    1.168743231    
103.3965517    74.48275862    1.250337486    
103.3965517    80             1.32979678     

144.7551724    -80            -0.8009849277  
144.7551724    -74.48275862   -0.7558985305  
144.7551724    -68.96551724   -0.7083338323  
144.7551724    -63.44827586   -0.6582631655  
144.7551724    -57.93103448   -0.6056748191  
144.7551724    -52.4137931    -0.5505684243  
144.7551724    -46.89655172   -0.4929683073  
144.7551724    -41.37931034   -0.4329132149  
144.7551724    -35.86206897   -0.3704725428  
144.7551724    -30.34482759   -0.3056952728  
144.7551724    -24.82758621   -0.2387126088  
144.7551724    -19.31034483   -0.1696360645  
144.7551724    -13.79310345   -0.09860432992 
144.7551724    -8.275862069   -0.02578097325 
144.7551724    -2.75862069    0.04865625425  
144.7551724    2.75862069     0.1245115693   
144.7551724    8.275862069    0.2015752807   
144.7551724    13.79310345    0.2796245884   
144.7551724    19.31034483    0.358427445    
144.7551724    24.82758621    0.4377446789   
144.7551724    30.34482759    0.5173331805   
144.7551724    35.86206897    0.5969487473   
144.7551724    41.37931034    0.676349171    
144.7551724    46.89655172    0.7552971166   
144.7551724    52.4137931     0.8335622614   
144.7551724    57.93103448    0.910924756    
144.7551724    63.44827586    0.9871767679   
144.7551724    68.96551724    1.062124505    
144.7551724    74.48275862    1.13558978     
144.7551724    80             1.207411174    

186.1137931    -80            -0.6744266259  
186.1137931    -74.48275862   -0.6340987853  
186.1137931    -68.96551724   -0.5917059775  
186.1137931    -63.44827586   -0.547211079   
186.1137931    -57.93103448   -0.5006121839  
186.1137931    -52.4137931    -0.4519236919  
186.1137931    -46.89655172   -0.4011355857  
186.1137931    -41.37931034   -0.3483083171  
186.1137931    -35.86206897   -0.2934798285  
186.1137931    -30.34482759   -0.2367128273  
186.1137931    -24.82758621   -0.1780862604  
186.1137931    -19.31034483   -0.1176939718  
186.1137931    -13.79310345   -0.05564541685 
186.1137931    -8.275862069   0.007943701228 
186.1137931    -2.75862069    0.07290763948  
186.1137931    2.75862069     0.1391221266   
186.1137931    8.275862069    0.2064146132   
186.1137931    13.79310345    0.2746115959   
186.1137931    19.31034483    0.3435314632   
186.1137931    24.82758621    0.4129861232   
186.1137931    30.34482759    0.4827832306   
186.1137931    35.86206897    0.5527283165   
186.1137931    41.37931034    0.6226268801   
186.1137931    46.89655172    0.6922866132   
186.1137931    52.4137931     0.7615195322   
186.1137931    57.93103448    0.83014326     
186.1137931    63.44827586    0.897983791    
186.1137931    68.96551724    0.9648763896   
186.1137931    74.48275862    1.030667069    
186.1137931    80             1.095213692    

227.4724138    -80            -0.5576883023  
227.4724138    -74.48275862   -0.5220353371  
227.4724138    -68.96551724   -0.4846548663  
227.4724138    -63.44827586   -0.4455021695  
227.4724138    -57.93103448   -0.4046020184  
227.4724138    -52.4137931    -0.3619482761  
227.4724138    -46.89655172   -0.3175552521  
227.4724138    -41.37931034   -0.2714479102  
227.4724138    -35.86206897   -0.2236632556  
227.4724138    -30.34482759   -0.1742492007  
227.4724138    -24.82758621   -0.1232659707  
227.4724138    -19.31034483   -0.07078610158 
227.4724138    -13.79310345   -0.01689336401 
227.4724138    -8.275862069   0.03831662134  
227.4724138    -2.75862069    0.09473651325  
227.4724138    2.75862069     0.1522498425   
227.4724138    8.275862069    0.2107297771   
227.4724138    13.79310345    0.2700415335   
227.4724138    19.31034483    0.3300431937   
227.4724138    24.82758621    0.390587068    
227.4724138    30.34482759    0.4515212504   
227.4724138    35.86206897    0.5126910518   
227.4724138    41.37931034    0.5739406319   
227.4724138    46.89655172    0.6351145884   
227.4724138    52.4137931     0.696059457    
227.4724138    57.93103448    0.7566252354   
227.4724138    63.44827586    0.8166669388   
227.4724138    68.96551724    0.8760451344   
227.4724138    74.48275862    0.9346281396   
227.4724138    80             0.9922923085   

268.8310345    -80            -0.4501995507  
268.8310345    -74.48275862   -0.4190699568  
268.8310345    -68.96551724   -0.3864887619  
268.8310345    -63.44827586   -0.3524441523  
268.8310345    -57.93103448   -0.316930961   
268.8310345    -52.4137931    -0.2799512081  
268.8310345    -46.89655172   -0.2415152354  
268.8310345    -41.37931034   -0.2016410229  
268.8310345    -35.86206897   -0.1603554072  
268.8310345    -30.34482759   -0.1176945811  
268.8310345    -24.82758621   -0.07370349189 
268.8310345    -19.31034483   -0.02843647729 
268.8310345    -13.79310345   0.01804319133  
268.8310345    -8.275862069   0.06566197728  
268.8310345    -2.75862069    0.114338975    
268.8310345    2.75862069     0.1639845553   
268.8310345    8.275862069    0.2145011791   
268.8310345    13.79310345    0.2657845813   
268.8310345    19.31034483    0.3177243692   
268.8310345    24.82758621    0.3702050166   
268.8310345    30.34482759    0.423106867    
268.8310345    35.86206897    0.4763072775   
268.8310345    41.37931034    0.5296817428   
268.8310345    46.89655172    0.5831050562   
268.8310345    52.4137931     0.6364525251   
268.8310345    57.93103448    0.6896010161   
268.8310345    63.44827586    0.7424301367   
268.8310345    68.96551724    0.7948231998   
268.8310345    74.48275862    0.8466683725   
268.8310345    80             0.8978587666   

310.1896552    -80            -0.3514977935  
310.1896552    -74.48275862   -0.3247057901  
310.1896552    -68.96551724   -0.296703098   
310.1896552    -63.44827586   -0.2674791633  
310.1896552    -57.93103448   -0.23702798    
310.1896552    -52.4137931    -0.205349027   
310.1896552    -46.89655172   -0.1724480965  
310.1896552    -41.37931034   -0.1383371524  
310.1896552    -35.86206897   -0.1030351061  
310.1896552    -30.34482759   -0.06656679759 
310.1896552    -24.82758621   -0.02896533512 
310.1896552    -19.31034483   0.009729951115 
310.1896552    -13.79310345   0.04947119518  
310.1896552    -8.275862069   0.09020454675  
310.1896552    -2.75862069    0.1318688102   
310.1896552    2.75862069     0.1743961348   
310.1896552    8.275862069    0.2177121797   
310.1896552    13.79310345    0.2617369083   
310.1896552    19.31034483    0.306385113    
310.1896552    24.82758621    0.3515668619   
310.1896552    30.34482759    0.3971884128   
310.1896552    35.86206897    0.4431529568   
310.1896552    41.37931034    0.4893614226   
310.1896552    46.89655172    0.5357133717   
310.1896552    52.4137931     0.5821078587   
310.1896552    57.93103448    0.6284443048   
310.1896552    63.44827586    0.6746233215   
310.1896552    68.96551724    0.7205475906   
310.1896552    74.48275862    0.7661225697   
310.1896552    80             0.8112572185   

351.5482759    -80            -0.2612527987  
351.5482759    -74.48275862   -0.238578967   
351.5482759    -68.96551724   -0.2148970569  
351.5482759    -63.44827586   -0.1901961312  
351.5482759    -57.93103448   -0.1644690979  
351.5482759    -52.4137931    -0.1377130826  
351.5482759    -46.89655172   -0.1099296626  
351.5482759    -41.37931034   -0.08112487683 
351.5482759    -35.86206897   -0.05131059917 
351.5482759    -30.34482759   -0.02050324892 
351.5482759    -24.82758621   0.01127415901  
351.5482759    -19.31034483   0.04399390837  
351.5482759    -13.79310345   0.07762215123  
351.5482759    -8.275862069   0.1121194726   
351.5482759    -2.75862069    0.1474408674   
351.5482759    2.75862069     0.1835357175   
351.5482759    8.275862069    0.2203481973   
351.5482759    13.79310345    0.2578176397   
351.5482759    19.31034483    0.2958787872   
351.5482759    24.82758621    0.3344622825   
351.5482759    30.34482759    0.3734952011   
351.5482759    35.86206897    0.4129015551   
351.5482759    41.37931034    0.4526029828   
351.5482759    46.89655172    0.4925192896   
351.5482759    52.4137931     0.5325691773   
351.5482759    57.93103448    0.5726708617   
351.5482759    63.44827586    0.6127427528   
351.5482759    68.96551724    0.652704063    
351.5482759    74.48275862    0.692475522    
351.5482759    80             0.7319798778   

392.9068966    -80            -0.1793074     
392.9068966    -74.48275862   -0.1604983683  
392.9068966    -68.96551724   -0.1408517333  
392.9068966    -63.44827586   -0.1203544629  
392.9068966    -57.93103448   -0.0989979945  
392.9068966    -52.4137931    -0.0767772973  
392.9068966    -46.89655172   -0.05369021874 
392.9068966    -41.37931034   -0.02973791763 
392.9068966    -35.86206897   -0.004926655934
392.9068966    -30.34482759   0.02073413587  
392.9068966    -24.82758621   0.0472304875   
392.9068966    -19.31034483   0.07454375271  
392.9068966    -13.79310345   0.1026510203   
392.9068966    -8.275862069   0.1315244867   
392.9068966    -2.75862069    0.1611320135   
392.9068966    2.75862069     0.1914368081   
392.9068966    8.275862069    0.2223977576   
392.9068966    13.79310345    0.2539695199   
392.9068966    19.31034483    0.2861028313   
392.9068966    24.82758621    0.3187447738   
392.9068966    30.34482759    0.3518391305   
392.9068966    35.86206897    0.385326747    
392.9068966    41.37931034    0.4191460171   
392.9068966    46.89655172    0.4532333282   
392.9068966    52.4137931     0.4875235423   
392.9068966    57.93103448    0.5219505063   
392.9068966    63.44827586    0.5564475579   
392.9068966    68.96551724    0.5909480437   
392.9068966    74.48275862    0.62538582     
392.9068966    80             0.6596956976   

434.2655172    -80            -0.1057499779  
434.2655172    -74.48275862   -0.09051443811 
434.2655172    -68.96551724   -0.07458070244 
434.2655172    -63.44827586   -0.05793646551 
434.2655172    -57.93103448   -0.04057153152 
434.2655172    -52.4137931    -0.02246653597 
434.2655172    -46.89655172   -0.003650670872
434.2655172    -41.37931034   0.01591255545  
434.2655172    -35.86206897   0.03621115677  
434.2655172    -30.34482759   0.05724125463  
434.2655172    -24.82758621   0.078995425    
434.2655172    -19.31034483   0.1014628102   
434.2655172    -13.79310345   0.1246287879   
434.2655172    -8.275862069   0.1484751056   
434.2655172    -2.75862069    0.1729796342   
434.2655172    2.75862069     0.1981165892   
434.2655172    8.275862069    0.2238563997   
434.2655172    13.79310345    0.2501659272   
434.2655172    19.31034483    0.2770086052   
434.2655172    24.82758621    0.3043445743   
434.2655172    30.34482759    0.3321309838   
434.2655172    35.86206897    0.3603222286   
434.2655172    41.37931034    0.3888702444   
434.2655172    46.89655172    0.4177248644   
434.2655172    52.4137931     0.4468342153   
434.2655172    57.93103448    0.4761450362   
434.2655172    63.44827586    0.505603119    
434.2655172    68.96551724    0.5351537029   
434.2655172    74.48275862    0.5647418533   
434.2655172    80             0.5943129003   

475.6241379    -80            -0.04105886242 
475.6241379    -74.48275862   -0.02904754081 
475.6241379    -68.96551724   -0.01645259337 
475.6241379    -63.44827586   -0.003261493024
475.6241379    -57.93103448   0.01053750336  
475.6241379    -52.4137931    0.02495421031  
475.6241379    -46.89655172   0.03999637481  
475.6241379    -41.37931034   0.05566955206  
475.6241379    -35.86206897   0.07197696385  
475.6241379    -30.34482759   0.08891934398  
475.6241379    -24.82758621   0.1064940348   
475.6241379    -19.31034483   0.1246966987   
475.6241379    -13.79310345   0.1435190476   
475.6241379    -8.275862069   0.1629501878   
475.6241379    -2.75862069    0.1829758508   
475.6241379    2.75862069     0.2035786489   
475.6241379    8.275862069    0.2247381695   
475.6241379    13.79310345    0.2464307715   
475.6241379    19.31034483    0.2686298227   
475.6241379    24.82758621    0.2913057888   
475.6241379    30.34482759    0.3144263678   
475.6241379    35.86206897    0.3379566829   
475.6241379    41.37931034    0.3618595168   
475.6241379    46.89655172    0.3860955438   
475.6241379    52.4137931     0.4106236059   
475.6241379    57.93103448    0.4354009762   
475.6241379    63.44827586    0.4603837122   
475.6241379    68.96551724    0.4855269309   
475.6241379    74.48275862    0.5107851593   
475.6241379    80             0.5361126283   

516.9827586    -80            0.01357120591  
516.9827586    -74.48275862   0.02280239427  
516.9827586    -68.96551724   0.03252593984  
516.9827586    -63.44827586   0.04275536553  
516.9827586    -57.93103448   0.05350311752  
516.9827586    -52.4137931    0.06478049504  
516.9827586    -46.89655172   0.0765970509   
516.9827586    -41.37931034   0.08896091425  
516.9827586    -35.86206897   0.1018778238   
516.9827586    -30.34482759   0.1153519012   
516.9827586    -24.82758621   0.1293848897   
516.9827586    -19.31034483   0.1439762255   
516.9827586    -13.79310345   0.1591227716   
516.9827586    -8.275862069   0.1748189426   
516.9827586    -2.75862069    0.1910564566   
516.9827586    2.75862069     0.207824357    
516.9827586    8.275862069    0.2251089664   
516.9827586    13.79310345    0.2428938757   
516.9827586    19.31034483    0.2611600398   
516.9827586    24.82758621    0.2798857944   
516.9827586    30.34482759    0.2990469614   
516.9827586    35.86206897    0.3186170173   
516.9827586    41.37931034    0.3385671536   
516.9827586    46.89655172    0.3588665791   
516.9827586    52.4137931     0.3794826102   
516.9827586    57.93103448    0.4003809415   
516.9827586    63.44827586    0.421525896    
516.9827586    68.96551724    0.4428806508   
516.9827586    74.48275862    0.4644074676   
516.9827586    80             0.4860680188   

558.3413793    -80            0.05534732569  
558.3413793    -74.48275862   0.06243637004  
558.3413793    -68.96551724   0.06995031027  
558.3413793    -63.44827586   0.07790304914  
558.3413793    -57.93103448   0.08630746884  
558.3413793    -52.4137931    0.09517563185  
558.3413793    -46.89655172   0.1045181815   
558.3413793    -41.37931034   0.1143443505   
558.3413793    -35.86206897   0.1246618975   
558.3413793    -30.34482759   0.1354768442   
558.3413793    -24.82758621   0.1467934331   
558.3413793    -19.31034483   0.158613819    
558.3413793    -13.79310345   0.1709381876   
558.3413793    -8.275862069   0.1837645102   
558.3413793    -2.75862069    0.19708845     
558.3413793    2.75862069     0.210903374    
558.3413793    8.275862069    0.2252003078   
558.3413793    13.79310345    0.2399678789   
558.3413793    19.31034483    0.2551923471   
558.3413793    24.82758621    0.2708576526   
558.3413793    30.34482759    0.2869454707   
558.3413793    35.86206897    0.3034352856   
558.3413793    41.37931034    0.3203045083   
558.3413793    46.89655172    0.3375286279   
558.3413793    52.4137931     0.3550813224   
558.3413793    57.93103448    0.3729346613   
558.3413793    63.44827586    0.3910592779   
558.3413793    68.96551724    0.4094245644   
558.3413793    74.48275862    0.4279988968   
558.3413793    80             0.446749823    

599.7          -80            0.07648665466  
599.7          -74.48275862   0.0825914417   
599.7          -68.96551724   0.08908352648  
599.7          -63.44827586   0.09597593789  
599.7          -57.93103448   0.1032811609   
599.7          -52.4137931    0.1110105761   
599.7          -46.89655172   0.1191744439   
599.7          -41.37931034   0.1277819262   
599.7          -35.86206897   0.1368407989   
599.7          -30.34482759   0.1463573754   
599.7          -24.82758621   0.1563362769   
599.7          -19.31034483   0.1667805521   
599.7          -13.79310345   0.1776913158   
599.7          -8.275862069   0.1890678349   
599.7          -2.75862069    0.2009073526   
599.7          2.75862069     0.213205106    
599.7          8.275862069    0.2259542282   
599.7          13.79310345    0.2391457672   
599.7          19.31034483    0.2527686769   
599.7          24.82758621    0.2668098302   
599.7          30.34482759    0.2812540942   
599.7          35.86206897    0.2960843354   
599.7          41.37931034    0.3112815824   
599.7          46.89655172    0.326825051    
599.7          52.4137931     0.3426923333   
599.7          57.93103448    0.3588594783   
599.7          63.44827586    0.375301192    
599.7          68.96551724    0.3919909567   
599.7          74.48275862    0.408901234    
599.7          80             0.4260036289   
