-597           0              90.61629536    
-581.8860759   0              79.75798502    
-566.7721519   0              64.61842988    
-551.6582278   0              52.13727212    
-536.5443038   0              42.69754453    
-521.4303797   0              35.55061367    
-506.3164557   0              30.0357738     
-491.2025316   0              25.68875899    
-476.0886076   0              22.19408359    
-460.9746835   0              19.33550615    
-445.8607595   0              16.96183623    
-430.7468354   0              14.96499901    
-415.6329114   0              13.26606187    
-400.5189873   0              11.80621801    
-385.4050633   0              10.54085974    
-370.2911392   0              9.43559159     
-355.1772152   0              8.463502366    
-340.0632911   0              7.603258724    
-324.9493671   0              6.837736745    
-309.835443    0              6.153060141    
-294.721519    0              5.537857595    
-279.6075949   0              4.982734135    
-264.4936709   0              4.479864314    
-249.3797468   0              4.022679706    
-234.2658228   0              3.605631358    
-219.1518987   0              3.224000653    
-204.0379747   0              2.873749405    
-188.9240506   0              2.551409445    
-173.8101266   0              2.253981164    
-158.6962025   0              1.978861036    
-143.5822785   0              1.723779852    
-128.4683544   0              1.486748472    
-113.3544304   0              1.266020763    
-98.24050633   0              1.060058019    
-83.12658228   0              0.867496667    
-68.01265823   0              0.6871269966   
-52.89873418   0              0.5178720083   
-37.78481013   0              0.3587700776   
-22.67088608   0              0.2089604778   
-7.556962025   0              0.06767046513  
7.556962025    0              -0.0657956777  
22.67088608    0              -0.1920633137  
37.78481013    0              -0.3116996432  
52.89873418    0              -0.425217456   
68.01265823    0              -0.5330819061  
83.12658228    0              -0.6357158029  
98.24050633    0              -0.7335039489  
113.3544304    0              -0.8267972037  
128.4683544    0              -0.9159155706  
143.5822785    0              -1.001151514   
158.6962025    0              -1.08277231    
173.8101266    0              -1.161022386   
188.9240506    0              -1.236125121   
204.0379747    0              -1.308284539   
219.1518987    0              -1.377686699   
234.2658228    0              -1.444500777   
249.3797468    0              -1.508879972   
264.4936709    0              -1.57096219    
279.6075949    0              -1.630870424   
294.721519     0              -1.688712992   
309.835443     0              -1.74458341    
324.9493671    0              -1.798560055   
340.0632911    0              -1.850705469   
355.1772152    0              -1.90106527    
370.2911392    0              -1.949666616   
385.4050633    0              -1.99651605    
400.5189873    0              -2.041596624   
415.6329114    0              -2.084863997   
430.7468354    0              -2.126241138   
445.8607595    0              -2.165611259   
460.9746835    0              -2.202730909   
476.0886076    0              -2.237601219   
491.2025316    0              -2.269678457   
506.3164557    0              -2.298616634   
521.4303797    0              -2.323845362   
536.5443038    0              -2.344603571   
551.6582278    0              -2.359919763   
566.7721519    0              -2.368753457   
581.8860759    0              -2.370801317   
597            0              -2.368529252   
