-599.7         -80            -16.48673949   
-599.7         -74.48275862   -16.48316552   
-599.7         -68.96551724   -16.47843838   
-599.7         -63.44827586   -16.47209443   
-599.7         -57.93103448   -16.4633709    
-599.7         -52.4137931    -16.45099098   
-599.7         -46.89655172   -16.43273808   
-599.7         -41.37931034   -16.404476     
-599.7         -35.86206897   -16.35782999   
-599.7         -30.34482759   -16.27354808   
-599.7         -24.82758621   -16.10017566   
-599.7         -19.31034483   -15.65862722   
-599.7         -13.79310345   -14.03062877   
-599.7         -8.275862069   -7.868957549   
-599.7         -2.75862069    -2.44207189    
-599.7         2.75862069     -0.7819388889  
-599.7         8.275862069    1.61410096     
-599.7         13.79310345    4.934165101    
-599.7         19.31034483    8.060764799    
-599.7         24.82758621    10.41964016    
-599.7         30.34482759    12.19279589    
-599.7         35.86206897    13.56141093    
-599.7         41.37931034    14.64158033    
-599.7         46.89655172    15.51346221    
-599.7         52.4137931     16.22998857    
-599.7         57.93103448    16.82801447    
-599.7         63.44827586    17.33274252    
-599.7         68.96551724    17.76578224    
-599.7         74.48275862    18.13895337    
-599.7         80             18.46384132    

-558.3413793   -80            -15.85501925   
-558.3413793   -74.48275862   -15.85133218   
-558.3413793   -68.96551724   -15.84643334   
-558.3413793   -63.44827586   -15.83975542   
-558.3413793   -57.93103448   -15.83035425   
-558.3413793   -52.4137931    -15.81653995   
-558.3413793   -46.89655172   -15.79499316   
-558.3413793   -41.37931034   -15.75838862   
-558.3413793   -35.86206897   -15.68837572   
-558.3413793   -30.34482759   -15.53382965   
-558.3413793   -24.82758621   -15.14586669   
-558.3413793   -19.31034483   -14.12659837   
-558.3413793   -13.79310345   -11.75976236   
-558.3413793   -8.275862069   -7.89737475    
-558.3413793   -2.75862069    -3.955825315   
-558.3413793   2.75862069     -0.8712652439  
-558.3413793   8.275862069    1.850045022    
-558.3413793   13.79310345    4.67610353     
-558.3413793   19.31034483    7.404840308    
-558.3413793   24.82758621    9.703997825    
-558.3413793   30.34482759    11.51071946    
-558.3413793   35.86206897    12.91366999    
-558.3413793   41.37931034    14.01711975    
-558.3413793   46.89655172    14.90181084    
-558.3413793   52.4137931     15.62454355    
-558.3413793   57.93103448    16.22479606    
-558.3413793   63.44827586    16.73041875    
-558.3413793   68.96551724    17.16149557    
-558.3413793   74.48275862    17.53283974    
-558.3413793   80             17.85560527    

-516.9827586   -80            -15.22129027   
-516.9827586   -74.48275862   -15.21571764   
-516.9827586   -68.96551724   -15.20725824   
-516.9827586   -63.44827586   -15.19372633   
-516.9827586   -57.93103448   -15.17094972   
-516.9827586   -52.4137931    -15.13085262   
-516.9827586   -46.89655172   -15.05773469   
-516.9827586   -41.37931034   -14.9213199    
-516.9827586   -35.86206897   -14.66479979   
-516.9827586   -30.34482759   -14.18782835   
-516.9827586   -24.82758621   -13.33358162   
-516.9827586   -19.31034483   -11.91177333   
-516.9827586   -13.79310345   -9.804231634   
-516.9827586   -8.275862069   -7.116345559   
-516.9827586   -2.75862069    -4.170043022   
-516.9827586   2.75862069     -1.262741641   
-516.9827586   8.275862069    1.497508067    
-516.9827586   13.79310345    4.100013053    
-516.9827586   19.31034483    6.50011345     
-516.9827586   24.82758621    8.62035256     
-516.9827586   30.34482759    10.41328083    
-516.9827586   35.86206897    11.88483497    
-516.9827586   41.37931034    13.07633343    
-516.9827586   46.89655172    14.04014317    
-516.9827586   52.4137931     14.82515484    
-516.9827586   57.93103448    15.47153108    
-516.9827586   63.44827586    16.0103449     
-516.9827586   68.96551724    16.46502696    
-516.9827586   74.48275862    16.85311773    
-516.9827586   80             17.18779884    

-475.6241379   -80            -14.56564231   
-475.6241379   -74.48275862   -14.54511434   
-475.6241379   -68.96551724   -14.51289873   
-475.6241379   -63.44827586   -14.46197947   
-475.6241379   -57.93103448   -14.38119349   
-475.6241379   -52.4137931    -14.25301584   
-475.6241379   -46.89655172   -14.05053949   
-475.6241379   -41.37931034   -13.73392324   
-475.6241379   -35.86206897   -13.24752986   
-475.6241379   -30.34482759   -12.52076956   
-475.6241379   -24.82758621   -11.47768041   
-475.6241379   -19.31034483   -10.05951761   
-475.6241379   -13.79310345   -8.256000647   
-475.6241379   -8.275862069   -6.125625499   
-475.6241379   -2.75862069    -3.782515453   
-475.6241379   2.75862069     -1.354415455   
-475.6241379   8.275862069    1.053189553    
-475.6241379   13.79310345    3.363234468    
-475.6241379   19.31034483    5.516336199    
-475.6241379   24.82758621    7.465829449    
-475.6241379   30.34482759    9.182301923    
-475.6241379   35.86206897    10.65790019    
-475.6241379   41.37931034    11.9042362     
-475.6241379   46.89655172    12.94562287    
-475.6241379   52.4137931     13.81176902    
-475.6241379   57.93103448    14.53243889    
-475.6241379   63.44827586    15.13447162    
-475.6241379   68.96551724    15.64062707    
-475.6241379   74.48275862    16.0695027     
-475.6241379   80             16.43596706    

-434.2655172   -80            -13.84202007   
-434.2655172   -74.48275862   -13.78394867   
-434.2655172   -68.96551724   -13.70065141   
-434.2655172   -63.44827586   -13.58148068   
-434.2655172   -57.93103448   -13.41175201   
-434.2655172   -52.4137931    -13.17168561   
-434.2655172   -46.89655172   -12.83553073   
-434.2655172   -41.37931034   -12.37138526   
-434.2655172   -35.86206897   -11.74253016   
-434.2655172   -30.34482759   -10.91126056   
-434.2655172   -24.82758621   -9.845799196   
-434.2655172   -19.31034483   -8.529480056   
-434.2655172   -13.79310345   -6.969197587   
-434.2655172   -8.275862069   -5.198714046   
-434.2655172   -2.75862069    -3.274078777   
-434.2655172   2.75862069     -1.263016594   
-434.2655172   8.275862069    0.7662351928   
-434.2655172   13.79310345    2.752251937    
-434.2655172   19.31034483    4.643698054    
-434.2655172   24.82758621    6.400843861    
-434.2655172   30.34482759    7.996722254    
-434.2655172   35.86206897    9.417573738    
-434.2655172   41.37931034    10.66180703    
-434.2655172   46.89655172    11.73748191    
-434.2655172   52.4137931     12.65906162    
-434.2655172   57.93103448    13.44429393    
-434.2655172   63.44827586    14.11175997    
-434.2655172   68.96551724    14.67923903    
-434.2655172   74.48275862    15.16279889    
-434.2655172   80             15.57641121    

-392.9068966   -80            -13.0271563    
-392.9068966   -74.48275862   -12.91748754   
-392.9068966   -68.96551724   -12.77137458   
-392.9068966   -63.44827586   -12.57763952   
-392.9068966   -57.93103448   -12.32239571   
-392.9068966   -52.4137931    -11.98890434   
-392.9068966   -46.89655172   -11.5578061    
-392.9068966   -41.37931034   -11.0079692    
-392.9068966   -35.86206897   -10.31819074   
-392.9068966   -30.34482759   -9.469857895   
-392.9068966   -24.82758621   -8.450368732   
-392.9068966   -19.31034483   -7.256659824   
-392.9068966   -13.79310345   -5.897809198   
-392.9068966   -8.275862069   -4.395680073   
-392.9068966   -2.75862069    -2.783166583   
-392.9068966   2.75862069     -1.100525862   
-392.9068966   8.275862069    0.609048895    
-392.9068966   13.79310345    2.303492251    
-392.9068966   19.31034483    3.945000659    
-392.9068966   24.82758621    5.502196566    
-392.9068966   30.34482759    6.95144257     
-392.9068966   35.86206897    8.277346422    
-392.9068966   41.37931034    9.47245226     
-392.9068966   46.89655172    10.5362221     
-392.9068966   52.4137931     11.47354267    
-392.9068966   57.93103448    12.2930693     
-392.9068966   63.44827586    13.00567449    
-392.9068966   68.96551724    13.6231704     
-392.9068966   74.48275862    14.15736628    
-392.9068966   80             14.61944606    

-351.5482759   -80            -12.13574875   
-351.5482759   -74.48275862   -11.97406084   
-351.5482759   -68.96551724   -11.76995588   
-351.5482759   -63.44827586   -11.51371266   
-351.5482759   -57.93103448   -11.19418207   
-351.5482759   -52.4137931    -10.79901489   
-351.5482759   -46.89655172   -10.31515846   
-351.5482759   -41.37931034   -9.729689912   
-351.5482759   -35.86206897   -9.031010077   
-351.5482759   -30.34482759   -8.210335414   
-351.5482759   -24.82758621   -7.263309152   
-351.5482759   -19.31034483   -6.191434329   
-351.5482759   -13.79310345   -5.00298356    
-351.5482759   -8.275862069   -3.713096485   
-351.5482759   -2.75862069    -2.342967832   
-351.5482759   2.75862069     -0.9182613452  
-351.5482759   8.275862069    0.5329348992   
-351.5482759   13.79310345    1.982249001    
-351.5482759   19.31034483    3.402968742    
-351.5482759   24.82758621    4.77160798     
-351.5482759   30.34482759    6.069007692    
-351.5482759   35.86206897    7.28093563     
-351.5482759   41.37931034    8.39820268     
-351.5482759   46.89655172    9.416343769    
-351.5482759   52.4137931     10.33498119    
-351.5482759   57.93103448    11.15699729    
-351.5482759   63.44827586    11.8876519     
-351.5482759   68.96551724    12.53375058    
-351.5482759   74.48275862    13.10286013    
-351.5482759   80             13.60310316    

-310.1896552   -80            -11.20050657   
-310.1896552   -74.48275862   -10.9953392    
-310.1896552   -68.96551724   -10.74650749   
-310.1896552   -63.44827586   -10.44638594   
-310.1896552   -57.93103448   -10.08676934   
-310.1896552   -52.4137931    -9.65916558    
-310.1896552   -46.89655172   -9.155236893   
-310.1896552   -41.37931034   -8.567395147   
-310.1896552   -35.86206897   -7.889529248   
-310.1896552   -30.34482759   -7.117804341   
-310.1896552   -24.82758621   -6.251435089   
-310.1896552   -19.31034483   -5.293305387   
-310.1896552   -13.79310345   -4.250310242   
-310.1896552   -8.275862069   -3.13332283    
-310.1896552   -2.75862069    -1.956759522   
-310.1896552   2.75862069     -0.7377870518  
-310.1896552   8.275862069    0.5047220283   
-310.1896552   13.79310345    1.751345222    
-310.1896552   19.31034483    2.983244804    
-310.1896552   24.82758621    4.183164308    
-310.1896552   30.34482759    5.336209833    
-310.1896552   35.86206897    6.430369184    
-310.1896552   41.37931034    7.456757955    
-310.1896552   46.89655172    8.409607772    
-310.1896552   52.4137931     9.286042738    
-310.1896552   57.93103448    10.08570263    
-310.1896552   63.44827586    10.81025506    
-310.1896552   68.96551724    11.46302481    
-310.1896552   74.48275862    12.04828463    
-310.1896552   80             12.57108021    

-268.8310345   -80            -10.25460212   
-268.8310345   -74.48275862   -10.01796243   
-268.8310345   -68.96551724   -9.73955207    
-268.8310345   -63.44827586   -9.413735426   
-268.8310345   -57.93103448   -9.034763064   
-268.8310345   -52.4137931    -8.597019861   
-268.8310345   -46.89655172   -8.09534579    
-268.8310345   -41.37931034   -7.525420207   
-268.8310345   -35.86206897   -6.884187037   
-268.8310345   -30.34482759   -6.170283789   
-268.8310345   -24.82758621   -5.384423463   
-268.8310345   -19.31034483   -4.529677101   
-268.8310345   -13.79310345   -3.61160236    
-268.8310345   -8.275862069   -2.638185934   
-268.8310345   -2.75862069    -1.619588276   
-268.8310345   2.75862069     -0.5677085965  
-268.8310345   8.275862069    0.5043871543   
-268.8310345   13.79310345    1.58311681     
-268.8310345   19.31034483    2.655046278    
-268.8310345   24.82758621    3.707507118    
-268.8310345   30.34482759    4.7291168      
-268.8310345   35.86206897    5.710171954    
-268.8310345   41.37931034    6.642888111    
-268.8310345   46.89655172    7.52149718     
-268.8310345   52.4137931     8.342208094    
-268.8310345   57.93103448    9.103060687    
-268.8310345   63.44827586    9.803701301    
-268.8310345   68.96551724    10.44511553    
-268.8310345   74.48275862    11.02934434    
-268.8310345   80             11.55920895    

-227.4724138   -80            -9.324165691   
-227.4724138   -74.48275862   -9.068062057   
-227.4724138   -68.96551724   -8.773773122   
-227.4724138   -63.44827586   -8.437281515   
-227.4724138   -57.93103448   -8.054676477   
-227.4724138   -52.4137931    -7.622337046   
-227.4724138   -46.89655172   -7.137148011   
-227.4724138   -41.37931034   -6.596739075   
-227.4724138   -35.86206897   -5.999731883   
-227.4724138   -30.34482759   -5.345972907   
-227.4724138   -24.82758621   -4.636729505   
-227.4724138   -19.31034483   -3.874820857   
-227.4724138   -13.79310345   -3.064664027   
-227.4724138   -8.275862069   -2.212219821   
-227.4724138   -2.75862069    -1.324834737   
-227.4724138   2.75862069     -0.4109871477  
-227.4724138   8.275862069    0.5200429707   
-227.4724138   13.79310345    1.458554632    
-227.4724138   19.31034483    2.394823167    
-227.4724138   24.82758621    3.319484237    
-227.4724138   30.34482759    4.223875394    
-227.4724138   35.86206897    5.100313061    
-227.4724138   41.37931034    5.942291675    
-227.4724138   46.89655172    6.744598441    
-227.4724138   52.4137931     7.503348239    
-227.4724138   57.93103448    8.215945562    
-227.4724138   63.44827586    8.880990892    
-227.4724138   68.96551724    9.498144906    
-227.4724138   74.48275862    10.06796859    
-227.4724138   80             10.59175367    

-186.1137931   -80            -8.427030696   
-186.1137931   -74.48275862   -8.161872793   
-186.1137931   -68.96551724   -7.862800654   
-186.1137931   -63.44827586   -7.5270158     
-186.1137931   -57.93103448   -7.151910635   
-186.1137931   -52.4137931    -6.735195756   
-186.1137931   -46.89655172   -6.275040863   
-186.1137931   -41.37931034   -5.770221615   
-186.1137931   -35.86206897   -5.220264648   
-186.1137931   -30.34482759   -4.625576546   
-186.1137931   -24.82758621   -3.98754607    
-186.1137931   -19.31034483   -3.308606558   
-186.1137931   -13.79310345   -2.59224852    
-186.1137931   -8.275862069   -1.842976056   
-186.1137931   -2.75862069    -1.066205705   
-186.1137931   2.75862069     -0.2681116562  
-186.1137931   8.275862069    0.544572888    
-186.1137931   13.79310345    1.364786005    
-186.1137931   19.31034483    2.185380909    
-186.1137931   24.82758621    2.999368366    
-186.1137931   30.34482759    3.800140376    
-186.1137931   35.86206897    4.581661781    
-186.1137931   41.37931034    5.338623336    
-186.1137931   46.89655172    6.066540708    
-186.1137931   52.4137931     6.761814759    
-186.1137931   57.93103448    7.421739276    
-186.1137931   63.44827586    8.044472375    
-186.1137931   68.96551724    8.628975314    
-186.1137931   74.48275862    9.174928576    
-186.1137931   80             9.682633617    

-144.7551724   -80            -7.573994165   
-144.7551724   -74.48275862   -7.308117141   
-144.7551724   -68.96551724   -7.012677575   
-144.7551724   -63.44827586   -6.685756673   
-144.7551724   -57.93103448   -6.325642515   
-144.7551724   -52.4137931    -5.930915631   
-144.7551724   -46.89655172   -5.50054045    
-144.7551724   -41.37931034   -5.033955758   
-144.7551724   -35.86206897   -4.53116012    
-144.7551724   -30.34482759   -3.992785123   
-144.7551724   -24.82758621   -3.420149902   
-144.7551724   -19.31034483   -2.815290773   
-144.7551724   -13.79310345   -2.180961066   
-144.7551724   -8.275862069   -1.520598141   
-144.7551724   -2.75862069    -0.8382572105  
-144.7551724   2.75862069     -0.1385138158  
-144.7551724   8.275862069    0.5736596087   
-144.7551724   13.79310345    1.293037101    
-144.7551724   19.31034483    2.014292737    
-144.7551724   24.82758621    2.732156185    
-144.7551724   30.34482759    3.441560468    
-144.7551724   35.86206897    4.137774437    
-144.7551724   41.37931034    4.816512853    
-144.7551724   46.89655172    5.474020613    
-144.7551724   52.4137931     6.107128088    
-144.7551724   57.93103448    6.713278729    
-144.7551724   63.44827586    7.290530154    
-144.7551724   68.96551724    7.837532665    
-144.7551724   74.48275862    8.353489449    
-144.7551724   80             8.838103362    

-103.3965517   -80            -6.770650428   
-103.3965517   -74.48275862   -6.510386099   
-103.3965517   -68.96551724   -6.224667553   
-103.3965517   -63.44827586   -5.912194593   
-103.3965517   -57.93103448   -5.571858823   
-103.3965517   -52.4137931    -5.202801135   
-103.3965517   -46.89655172   -4.804470178   
-103.3965517   -41.37931034   -4.376678866   
-103.3965517   -35.86206897   -3.919655596   
-103.3965517   -30.34482759   -3.434086481   
-103.3965517   -24.82758621   -2.92114503    
-103.3965517   -19.31034483   -2.382506026   
-103.3965517   -13.79310345   -1.820341118   
-103.3965517   -8.275862069   -1.237294695   
-103.3965517   -2.75862069    -0.636439742   
-103.3965517   2.75862069     -0.0212151507  
-103.3965517   8.275862069    0.6046534092   
-103.3965517   13.79310345    1.237244525    
-103.3965517   19.31034483    1.872540536    
-103.3965517   24.82758621    2.506527035    
-103.3965517   30.34482759    3.13529677     
-103.3965517   35.86206897    3.755133915    
-103.3965517   41.37931034    4.362598975    
-103.3965517   46.89655172    4.954591541    
-103.3965517   52.4137931     5.528398652    
-103.3965517   57.93103448    6.081725607    
-103.3965517   63.44827586    6.612709754    
-103.3965517   68.96551724    7.119918638    
-103.3965517   74.48275862    7.602334806    
-103.3965517   80             8.059329579    

-62.03793103   -80            -6.019042125   
-62.03793103   -74.48275862   -5.769003309   
-62.03793103   -68.96551724   -5.497226295   
-62.03793103   -63.44827586   -5.202838352   
-62.03793103   -57.93103448   -4.885132193   
-62.03793103   -52.4137931    -4.5436043     
-62.03793103   -46.89655172   -4.177992757   
-62.03793103   -41.37931034   -3.788312836   
-62.03793103   -35.86206897   -3.374888211   
-62.03793103   -30.34482759   -2.938375829   
-62.03793103   -24.82758621   -2.479782377   
-62.03793103   -19.31034483   -2.000470593   
-62.03793103   -13.79310345   -1.502154116   
-62.03793103   -8.275862069   -0.9868800755  
-62.03793103   -2.75862069    -0.4569994561  
-62.03793103   2.75862069     0.08487403431  
-62.03793103   8.275862069    0.6359158179   
-62.03793103   13.79310345    1.193149309    
-62.03793103   19.31034483    1.753511682    
-62.03793103   24.82758621    2.313920056    
-62.03793103   30.34482759    2.871339545    
-62.03793103   35.86206897    3.422845865    
-62.03793103   41.37931034    3.965682655    
-62.03793103   46.89655172    4.497308932    
-62.03793103   52.4137931     5.015443354    
-62.03793103   57.93103448    5.518085197    
-62.03793103   63.44827586    6.003538813    
-62.03793103   68.96551724    6.470411245    
-62.03793103   74.48275862    6.917621991    
-62.03793103   80             7.344384548    

-20.67931034   -80            -5.318932764   
-20.67931034   -74.48275862   -5.082344676   
-20.67931034   -68.96551724   -4.827294138   
-20.67931034   -63.44827586   -4.553199848   
-20.67931034   -57.93103448   -4.259617576   
-20.67931034   -52.4137931    -3.946265799   
-20.67931034   -46.89655172   -3.613050424   
-20.67931034   -41.37931034   -3.260087478   
-20.67931034   -35.86206897   -2.887722534   
-20.67931034   -30.34482759   -2.496545672   
-20.67931034   -24.82758621   -2.087400843   
-20.67931034   -19.31034483   -1.661388554   
-20.67931034   -13.79310345   -1.219861342   
-20.67931034   -8.275862069   -0.7644114089  
-20.67931034   -2.75862069    -0.2968504204  
-20.67931034   2.75862069     0.1808176827   
-20.67931034   8.275862069    0.6664310555   
-20.67931034   13.79310345    1.157710176    
-20.67931034   19.31034483    1.652298576    
-20.67931034   24.82758621    2.147810972    
-20.67931034   30.34482759    2.641877705    
-20.67931034   35.86206897    3.132189069    
-20.67931034   41.37931034    3.616536383    
-20.67931034   46.89655172    4.092848381    
-20.67931034   52.4137931     4.559221863    
-20.67931034   57.93103448    5.013945865    
-20.67931034   63.44827586    5.455518966    
-20.67931034   68.96551724    5.882659691    
-20.67931034   74.48275862    6.294310376    
-20.67931034   80             6.68963505     

20.67931034    -80            -4.66871444    
20.67931034    -74.48275862   -4.447721489   
20.67931034    -68.96551724   -4.211107767   
20.67931034    -63.44827586   -3.958488209   
20.67931034    -57.93103448   -3.689588555   
20.67931034    -52.4137931    -3.404262633   
20.67931034    -46.89655172   -3.102508721   
20.67931034    -41.37931034   -2.784484249   
20.67931034    -35.86206897   -2.450518181   
20.67931034    -30.34482759   -2.101120192   
20.67931034    -24.82758621   -1.736986238   
20.67931034    -19.31034483   -1.358999619   
20.67931034    -13.79310345   -0.9682269686  
20.67931034    -8.275862069   -0.5659112594  
20.67931034    -2.75862069    -0.1534553311  
20.67931034    2.75862069     0.2675945612   
20.67931034    8.275862069    0.6955723435   
20.67931034    13.79310345    1.128717966    
20.67931034    19.31034483    1.565207357    
20.67931034    24.82758621    2.003183012    
20.67931034    30.34482759    2.440785697    
20.67931034    35.86206897    2.87618545     
20.67931034    41.37931034    3.307611134    
20.67931034    46.89655172    3.733377385    
20.67931034    52.4137931     4.151908271    
20.67931034    57.93103448    4.561756984    
20.67931034    63.44827586    4.961621227    
20.67931034    68.96551724    5.350354099    
20.67931034    74.48275862    5.726970571    
20.67931034    80             6.090649476    

62.03793103    -80            -4.066029232   
62.03793103    -74.48275862   -3.861952567   
62.03793103    -68.96551724   -3.644695365   
62.03793103    -63.44827586   -3.414002858   
62.03793103    -57.93103448   -3.169708485   
62.03793103    -52.4137931    -2.911745613   
62.03793103    -46.89655172   -2.640158501   
62.03793103    -41.37931034   -2.355110903   
62.03793103    -35.86206897   -2.056900005   
62.03793103    -30.34482759   -1.745950499   
62.03793103    -24.82758621   -1.422829842   
62.03793103    -19.31034483   -1.088242633   
62.03793103    -13.79310345   -0.7430293509  
62.03793103    -8.275862069   -0.3881601534  
62.03793103    -2.75862069    -0.02472542702 
62.03793103    2.75862069     0.3460760981   
62.03793103    8.275862069    0.7229537429   
62.03793103    13.79310345    1.10454199     
62.03793103    19.31034483    1.489420883    
62.03793103    24.82758621    1.876137207    
62.03793103    30.34482759    2.263226568    
62.03793103    35.86206897    2.649235323    
62.03793103    41.37931034    3.032741921    
62.03793103    46.89655172    3.412376859    
62.03793103    52.4137931     3.786840706    
62.03793103    57.93103448    4.154919794    
62.03793103    63.44827586    4.515499208    
62.03793103    68.96551724    4.867572681    
62.03793103    74.48275862    5.210250463    
62.03793103    80             5.542762431    

103.3965517    -80            -3.508183651   
103.3965517    -74.48275862   -3.321725599   
103.3965517    -68.96551724   -3.124169708   
103.3965517    -63.44827586   -2.915345549   
103.3965517    -57.93103448   -2.695152893   
103.3965517    -52.4137931    -2.463568927   
103.3965517    -46.89655172   -2.220655859   
103.3965517    -41.37931034   -1.966567527   
103.3965517    -35.86206897   -1.701554712   
103.3965517    -30.34482759   -1.425969174   
103.3965517    -24.82758621   -1.140266203   
103.3965517    -19.31034483   -0.8450036785  
103.3965517    -13.79310345   -0.5408416975  
103.3965517    -8.275862069   -0.2285374776  
103.3965517    -2.75862069    0.09106051964  
103.3965517    2.75862069     0.4170212175   
103.3965517    8.275862069    0.74834145     
103.3965517    13.79310345    1.083958051    
103.3965517    19.31034483    1.42276176     
103.3965517    24.82758621    1.763611886    
103.3965517    30.34482759    2.105351863    
103.3965517    35.86206897    2.446824835    
103.3965517    41.37931034    2.786889121    
103.3965517    46.89655172    3.124432964    
103.3965517    52.4137931     3.458388225    
103.3965517    57.93103448    3.787742514    
103.3965517    63.44827586    4.111550504    
103.3965517    68.96551724    4.428941742    
103.3965517    74.48275862    4.739128131    
103.3965517    80             5.041408584    

144.7551724    -80            -2.992416107   
144.7551724    -74.48275862   -2.823821413   
144.7551724    -68.96551724   -2.64589708    
144.7551724    -63.44827586   -2.458527744   
144.7551724    -57.93103448   -2.261652087   
144.7551724    -52.4137931    -2.055268671   
144.7551724    -46.89655172   -1.839441148   
144.7551724    -41.37931034   -1.61430282    
144.7551724    -35.86206897   -1.380060415   
144.7551724    -30.34482759   -1.136996893   
144.7551724    -24.82758621   -0.8854729534  
144.7551724    -19.31034483   -0.6259272215  
144.7551724    -13.79310345   -0.3588749852  
144.7551724    -8.275862069   -0.08490640495 
144.7551724    -2.75862069    0.1953197847   
144.7551724    2.75862069     0.4810798823   
144.7551724    8.275862069    0.7715934769   
144.7551724    13.79310345    1.066031455    
144.7551724    19.31034483    1.363525676    
144.7551724    24.82758621    1.663179181    
144.7551724    30.34482759    1.964077106    
144.7551724    35.86206897    2.265297965    
144.7551724    41.37931034    2.565924743    
144.7551724    46.89655172    2.865055721    
144.7551724    52.4137931     3.161815432    
144.7551724    57.93103448    3.455363344    
144.7551724    63.44827586    3.744902985    
144.7551724    68.96551724    4.029689224    
144.7551724    74.48275862    4.309034361    
144.7551724    80             4.582312939    

186.1137931    -80            -2.516082521   
186.1137931    -74.48275862   -2.365252711   
186.1137931    -68.96551724   -2.20659226    
186.1137931    -63.44827586   -2.040019177   
186.1137931    -57.93103448   -1.865493394   
186.1137931    -52.4137931    -1.683020832   
186.1137931    -46.89655172   -1.492657307   
186.1137931    -41.37931034   -1.294511605   
186.1137931    -35.86206897   -1.08874848    
186.1137931    -30.34482759   -0.875590356   
186.1137931    -24.82758621   -0.6553187802  
186.1137931    -19.31034483   -0.4282744138  
186.1137931    -13.79310345   -0.1948576236  
186.1137931    -8.275862069   0.04447593771  
186.1137931    -2.75862069    0.2892152654   
186.1137931    2.75862069     0.5387993645   
186.1137931    8.275862069    0.7926218147   
186.1137931    13.79310345    1.050036295    
186.1137931    19.31034483    1.310363347    
186.1137931    24.82758621    1.572897519    
186.1137931    30.34482759    1.836915048    
186.1137931    35.86206897    2.101681866    
186.1137931    41.37931034    2.36646216     
186.1137931    46.89655172    2.630525743    
186.1137931    52.4137931     2.893156377    
186.1137931    57.93103448    3.153659043    
186.1137931    63.44827586    3.411366722    
186.1137931    68.96551724    3.665646521    
186.1137931    74.48275862    3.915904917    
186.1137931    80             4.161592162    

227.4724138    -80            -2.076768729   
227.4724138    -74.48275862   -1.943352395   
227.4724138    -68.96551724   -1.803373153   
227.4724138    -63.44827586   -1.656768498   
227.4724138    -57.93103448   -1.5035082     
227.4724138    -52.4137931    -1.343597223   
227.4724138    -46.89655172   -1.177078746   
227.4724138    -41.37931034   -1.004036356   
227.4724138    -35.86206897   -0.8245961847  
227.4724138    -30.34482759   -0.6389284554  
227.4724138    -24.82758621   -0.4472493946  
227.4724138    -19.31034483   -0.249819227   
227.4724138    -13.79310345   -0.04694451175 
227.4724138    -8.275862069   0.1610241428   
227.4724138    -2.75862069    0.3736938526   
227.4724138    2.75862069     0.5906315746   
227.4724138    8.275862069    0.8113677465   
227.4724138    13.79310345    1.035399844    
227.4724138    19.31034483    1.262197111    
227.4724138    24.82758621    1.491205558    
227.4724138    30.34482759    1.721853223    
227.4724138    35.86206897    1.953556605    
227.4724138    41.37931034    2.185725671    
227.4724138    46.89655172    2.417770442    
227.4724138    52.4137931     2.649106739    
227.4724138    57.93103448    2.879161883    
227.4724138    63.44827586    3.10738005     
227.4724138    68.96551724    3.333227204    
227.4724138    74.48275862    3.556195553    
227.4724138    80             3.775807373    

268.8310345    -80            -1.672384192   
268.8310345    -74.48275862   -1.555837537   
268.8310345    -68.96551724   -1.433798556   
268.8310345    -63.44827586   -1.30621482    
268.8310345    -57.93103448   -1.173058774   
268.8310345    -52.4137931    -1.034329866   
268.8310345    -46.89655172   -0.8900565548  
268.8310345    -41.37931034   -0.7402978732  
268.8310345    -35.86206897   -0.5851470798  
268.8310345    -30.34482759   -0.4247288264  
268.8310345    -24.82758621   -0.2592042195  
268.8310345    -19.31034483   -0.0887690969  
268.8310345    -13.79310345   0.08634538807  
268.8310345    -8.275862069   0.265873387    
268.8310345    -2.75862069    0.4495155602   
268.8310345    2.75862069     0.6369403514   
268.8310345    8.275862069    0.8277863951   
268.8310345    13.79310345    1.021665031    
268.8310345    19.31034483    1.218163167    
268.8310345    24.82758621    1.416847484    
268.8310345    30.34482759    1.617267442    
268.8310345    35.86206897    1.818959905    
268.8310345    41.37931034    2.021453426    
268.8310345    46.89655172    2.224272541    
268.8310345    52.4137931     2.426942305    
268.8310345    57.93103448    2.628992632    
268.8310345    63.44827586    2.829962484    
268.8310345    68.96551724    3.029403837    
268.8310345    74.48275862    3.226885422    
268.8310345    80             3.421995877    

310.1896552    -80            -1.301243086   
310.1896552    -74.48275862   -1.200870601   
310.1896552    -68.96551724   -1.095907681   
310.1896552    -63.44827586   -0.9863064291  
310.1896552    -57.93103448   -0.8720377432  
310.1896552    -52.4137931    -0.7530925075  
310.1896552    -46.89655172   -0.6294859071  
310.1896552    -41.37931034   -0.5012536371  
310.1896552    -35.86206897   -0.3684585464  
310.1896552    -30.34482759   -0.2311890215  
310.1896552    -24.82758621   -0.08956046983 
310.1896552    -19.31034483   0.05628435777  
310.1896552    -13.79310345   0.206174851    
310.1896552    -8.275862069   0.3599132655   
310.1896552    -2.75862069    0.5172746451   
310.1896552    2.75862069     0.6780081845   
310.1896552    8.275862069    0.8418384832   
310.1896552    13.79310345    1.008467259    
310.1896552    19.31034483    1.177575243    
310.1896552    24.82758621    1.348825234    
310.1896552    30.34482759    1.521863975    
310.1896552    35.86206897    1.696325622    
310.1896552    41.37931034    1.871834733    
310.1896552    46.89655172    2.04800964     
310.1896552    52.4137931     2.224465622    
310.1896552    57.93103448    2.400818408    
310.1896552    63.44827586    2.576687316    
310.1896552    68.96551724    2.751698501    
310.1896552    74.48275862    2.925487917    
310.1896552    80             3.097704093    

351.5482759    -80            -0.9621648105  
351.5482759    -74.48275862   -0.877139676   
351.5482759    -68.96551724   -0.7882817966  
351.5482759    -63.44827586   -0.6955447876  
351.5482759    -57.93103448   -0.5988948958  
351.5482759    -52.4137931    -0.4983149859  
351.5482759    -46.89655172   -0.3938045631  
351.5482759    -41.37931034   -0.2853812016  
351.5482759    -35.86206897   -0.173081892   
351.5482759    -30.34482759   -0.05696375936 
351.5482759    -24.82758621   0.06289503096  
351.5482759    -19.31034483   0.1863947179   
351.5482759    -13.79310345   0.3134137376   
351.5482759    -8.275862069   0.4438084735   
351.5482759    -2.75862069    0.5774135065   
351.5482759    2.75862069     0.714042408    
351.5482759    8.275862069    0.8534880723   
351.5482759    13.79310345    0.9955241036   
351.5482759    19.31034483    1.139906411    
351.5482759    24.82758621    1.28637431     
351.5482759    30.34482759    1.434652781    
351.5482759    35.86206897    1.584454479    
351.5482759    41.37931034    1.735481973    
351.5482759    46.89655172    1.887430257    
351.5482759    52.4137931     2.03998914     
351.5482759    57.93103448    2.192845807    
351.5482759    63.44827586    2.345687399    
351.5482759    68.96551724    2.498203507    
351.5482759    74.48275862    2.650088597    
351.5482759    80             2.801044305    

392.9068966    -80            -0.6546275249  
392.9068966    -74.48275862   -0.5839932664  
392.9068966    -68.96551724   -0.5101604202  
392.9068966    -63.44827586   -0.433080499   
392.9068966    -57.93103448   -0.352715657   
392.9068966    -52.4137931    -0.2690397572  
392.9068966    -46.89655172   -0.1820396446  
392.9068966    -41.37931034   -0.09171603357 
392.9068966    -35.86206897   0.001915452265 
392.9068966    -30.34482759   0.09882342883  
392.9068966    -24.82758621   0.1989599816   
392.9068966    -19.31034483   0.3022600836   
392.9068966    -13.79310345   0.4086413025   
392.9068966    -8.275862069   0.5180034469   
392.9068966    -2.75862069    0.6302284181   
392.9068966    2.75862069     0.7451807592   
392.9068966    8.275862069    0.8627077326   
392.9068966    13.79310345    0.9826405371   
392.9068966    19.31034483    1.104794409    
392.9068966    24.82758621    1.228970145    
392.9068966    30.34482759    1.354955456    
392.9068966    35.86206897    1.482526293    
392.9068966    41.37931034    1.611448512    
392.9068966    46.89655172    1.741479617    
392.9068966    52.4137931     1.872370787    
392.9068966    57.93103448    2.003868545    
392.9068966    63.44827586    2.135716925    
392.9068966    68.96551724    2.267659381    
392.9068966    74.48275862    2.399440762    
392.9068966    80             2.530809191    

434.2655172    -80            -0.3790448634  
434.2655172    -74.48275862   -0.3216912754  
434.2655172    -68.96551724   -0.261664913   
434.2655172    -63.44827586   -0.1989149777  
434.2655172    -57.93103448   -0.1333986624  
434.2655172    -52.4137931    -0.06508198917 
434.2655172    -46.89655172   0.006059181315 
434.2655172    -41.37931034   0.08003813726  
434.2655172    -35.86206897   0.1568568003   
434.2655172    -30.34482759   0.2365045055   
434.2655172    -24.82758621   0.3189576673   
434.2655172    -19.31034483   0.4041789293   
434.2655172    -13.79310345   0.4921168086   
434.2655172    -8.275862069   0.5827053206   
434.2655172    -2.75862069    0.675863826    
434.2655172    2.75862069     0.7714973457   
434.2655172    8.275862069    0.8694961334   
434.2655172    13.79310345    0.9697364183   
434.2655172    19.31034483    1.072080847    
434.2655172    24.82758621    1.176379207    
434.2655172    30.34482759    1.282469172    
434.2655172    35.86206897    1.390177528    
434.2655172    41.37931034    1.499321208    
434.2655172    46.89655172    1.609708589    
434.2655172    52.4137931     1.721140875    
434.2655172    57.93103448    1.833413626    
434.2655172    63.44827586    1.946318287    
434.2655172    68.96551724    2.059643624    
434.2655172    74.48275862    2.173177403    
434.2655172    80             2.286707916    

475.6241379    -80            -0.1373138675  
475.6241379    -74.48275862   -0.09191219303 
475.6241379    -68.96551724   -0.04426719995 
475.6241379    -63.44827586   0.005674098353 
475.6241379    -57.93103448   0.05795903251  
475.6241379    -52.4137931    0.1126280672   
475.6241379    -46.89655172   0.1697141263   
475.6241379    -41.37931034   0.2292419328   
475.6241379    -35.86206897   0.2912269676   
475.6241379    -30.34482759   0.3556749503   
475.6241379    -24.82758621   0.4225810346   
475.6241379    -19.31034483   0.4919293582   
475.6241379    -13.79310345   0.5636924722   
475.6241379    -8.275862069   0.6378310785   
475.6241379    -2.75862069    0.7142936859   
475.6241379    2.75862069     0.793016366    
475.6241379    8.275862069    0.8739228388   
475.6241379    13.79310345    0.9569247529   
475.6241379    19.31034483    1.041921754    
475.6241379    24.82758621    1.128802032    
475.6241379    30.34482759    1.217442902    
475.6241379    35.86206897    1.30771137     
475.6241379    41.37931034    1.399465116    
475.6241379    46.89655172    1.492553363    
475.6241379    52.4137931     1.586817895    
475.6241379    57.93103448    1.682094228    
475.6241379    63.44827586    1.778212738    
475.6241379    68.96551724    1.874999883    
475.6241379    74.48275862    1.972279456    
475.6241379    80             2.069873981    

516.9827586    -80            0.06597177825  
516.9827586    -74.48275862   0.1011168139   
516.9827586    -68.96551724   0.1381648604   
516.9827586    -63.44827586   0.1771707096   
516.9827586    -57.93103448   0.2181847743   
516.9827586    -52.4137931    0.2612522163   
516.9827586    -46.89655172   0.3064125529   
516.9827586    -41.37931034   0.3536984291   
516.9827586    -35.86206897   0.4031353493   
516.9827586    -30.34482759   0.4547409239   
516.9827586    -24.82758621   0.5085241855   
516.9827586    -19.31034483   0.5644850513   
516.9827586    -13.79310345   0.6226137608   
516.9827586    -8.275862069   0.6828908236   
516.9827586    -2.75862069    0.7452862228   
516.9827586    2.75862069     0.8097594805   
516.9827586    8.275862069    0.8762594113   
516.9827586    13.79310345    0.9447243504   
516.9827586    19.31034483    1.015082048    
516.9827586    24.82758621    1.087250037    
516.9827586    30.34482759    1.161135957    
516.9827586    35.86206897    1.236638027    
516.9827586    41.37931034    1.313645639    
516.9827586    46.89655172    1.392040061    
516.9827586    52.4137931     1.471695096    
516.9827586    57.93103448    1.552478079    
516.9827586    63.44827586    1.634250765    
516.9827586    68.96551724    1.716870207    
516.9827586    74.48275862    1.800189846    
516.9827586    80             1.884060459    

558.3413793    -80            0.2203287466   
558.3413793    -74.48275862   0.2476412513   
558.3413793    -68.96551724   0.2766064576   
558.3413793    -63.44827586   0.3072793231   
558.3413793    -57.93103448   0.3397113116   
558.3413793    -52.4137931    0.3739497629   
558.3413793    -46.89655172   0.41003733     
558.3413793    -41.37931034   0.448011285    
558.3413793    -35.86206897   0.4879029206   
558.3413793    -30.34482759   0.5297367811   
558.3413793    -24.82758621   0.5735306043   
558.3413793    -19.31034483   0.6192939793   
558.3413793    -13.79310345   0.6670289337   
558.3413793    -8.275862069   0.7167285863   
558.3413793    -2.75862069    0.7683773059   
558.3413793    2.75862069     0.8219504102   
558.3413793    8.275862069    0.8774138923   
558.3413793    13.79310345    0.9347244453   
558.3413793    19.31034483    0.9938295699   
558.3413793    24.82758621    1.054667528    
558.3413793    30.34482759    1.11716768     
558.3413793    35.86206897    1.181250786    
558.3413793    41.37931034    1.246829424    
558.3413793    46.89655172    1.31380849     
558.3413793    52.4137931     1.382085803    
558.3413793    57.93103448    1.451552739    
558.3413793    63.44827586    1.522094962    
558.3413793    68.96551724    1.59359318     
558.3413793    74.48275862    1.665924068    
558.3413793    80             1.738960888    

599.7          -80            0.2977375828   
599.7          -74.48275862   0.3215281432   
599.7          -68.96551724   0.3468312206   
599.7          -63.44827586   0.3736984372   
599.7          -57.93103448   0.402178357    
599.7          -52.4137931    0.4323160054   
599.7          -46.89655172   0.4641521981   
599.7          -41.37931034   0.4977230827   
599.7          -35.86206897   0.5330595563   
599.7          -30.34482759   0.5701867564   
599.7          -24.82758621   0.6091235819   
599.7          -19.31034483   0.6498820961   
599.7          -13.79310345   0.6924676243   
599.7          -8.275862069   0.736877682    
599.7          -2.75862069    0.7831021316   
599.7          2.75862069     0.8311228276   
599.7          8.275862069    0.8809135488   
599.7          13.79310345    0.9324397947   
599.7          19.31034483    0.9856588636   
599.7          24.82758621    1.040519926    
599.7          30.34482759    1.096964176    
599.7          35.86206897    1.154925082    
599.7          41.37931034    1.21432871     
599.7          46.89655172    1.275094142    
599.7          52.4137931     1.337133909    
599.7          57.93103448    1.400354557    
599.7          63.44827586    1.46465722     
599.7          68.96551724    1.52993824     
599.7          74.48275862    1.596089922    
599.7          80             1.66300102     
