-597           -0.995         715.3287313    
-597           -0.9263793103  706.7193289    
-597           -0.8577586207  698.3459557    
-597           -0.789137931   690.2099952    
-597           -0.7205172414  682.3199975    
-597           -0.6518965517  674.6967093    
-597           -0.5832758621  667.3820615    
-597           -0.5146551724  660.4556036    
-597           -0.4460344828  654.066306     
-597           -0.3774137931  648.4977138    
-597           -0.3087931034  644.3173381    
-597           -0.2401724138  642.7756854    
-597           -0.1715517241  642.1642239    
-597           -0.1029310345  669.4523803    
-597           -0.03431034483 817.5295908    
-597           0.03431034483  336.8630206    
-597           0.1029310345   485.1692575    
-597           0.1715517241   507.9321397    
-597           0.2401724138   513.0073638    
-597           0.3087931034   512.4123614    
-597           0.3774137931   509.434274     
-597           0.4460344828   505.3326348    
-597           0.5146551724   500.6835298    
-597           0.5832758621   495.7783372    
-597           0.6518965517   490.773082     
-597           0.7205172414   485.7538265    
-597           0.789137931    480.7685421    
-597           0.8577586207   475.8438057    
-597           0.9263793103   470.9939589    
-597           0.995          466.2262839    
-555.8275862   -0.995         370.6270719    
-555.8275862   -0.9263793103  367.4164929    
-555.8275862   -0.8577586207  363.8793538    
-555.8275862   -0.789137931   359.9337671    
-555.8275862   -0.7205172414  355.4665441    
-555.8275862   -0.6518965517  350.3167207    
-555.8275862   -0.5832758621  344.2474537    
-555.8275862   -0.5146551724  336.89543      
-555.8275862   -0.4460344828  327.6735871    
-555.8275862   -0.3774137931  315.5677016    
-555.8275862   -0.3087931034  298.6617631    
-555.8275862   -0.2401724138  272.8497071    
-555.8275862   -0.1715517241  227.4553259    
-555.8275862   -0.1029310345  123.3317098    
-555.8275862   -0.03431034483 -391.8455074   
-555.8275862   0.03431034483  1148.196583    
-555.8275862   0.1029310345   633.003809     
-555.8275862   0.1715517241   528.8492209    
-555.8275862   0.2401724138   483.408376     
-555.8275862   0.3087931034   457.5343702    
-555.8275862   0.3774137931   440.5509819    
-555.8275862   0.4460344828   428.3521433    
-555.8275862   0.5146551724   419.0218377    
-555.8275862   0.5832758621   411.5458332    
-555.8275862   0.6518965517   405.3370583    
-555.8275862   0.7205172414   400.0321909    
-555.8275862   0.789137931    395.3943758    
-555.8275862   0.8577586207   391.2626367    
-555.8275862   0.9263793103   387.5237722    
-555.8275862   0.995          384.0958809    
-514.6551724   -0.995         44.39316647    
-514.6551724   -0.9263793103  27.74226146    
-514.6551724   -0.8577586207  8.481520977    
-514.6551724   -0.789137931   -14.06882862   
-514.6551724   -0.7205172414  -40.8475273    
-514.6551724   -0.6518965517  -73.18858919   
-514.6551724   -0.5832758621  -113.0538063   
-514.6551724   -0.5146551724  -163.4512811   
-514.6551724   -0.4460344828  -229.2402715   
-514.6551724   -0.3774137931  -318.8140643   
-514.6551724   -0.3087931034  -448.0266722   
-514.6551724   -0.2401724138  -650.8510143   
-514.6551724   -0.1715517241  -1015.616731   
-514.6551724   -0.1029310345  -1866.199235   
-514.6551724   -0.03431034483 -6117.477763   
-514.6551724   0.03431034483  6634.702067    
-514.6551724   0.1029310345   2383.416442    
-514.6551724   0.1715517241   1532.819816    
-514.6551724   0.2401724138   1168.03292     
-514.6551724   0.3087931034   965.1803418    
-514.6551724   0.3774137931   835.9324393    
-514.6551724   0.4460344828   746.3162992    
-514.6551724   0.5146551724   680.4779128    
-514.6551724   0.5832758621   630.0239975    
-514.6551724   0.6518965517   590.0953051    
-514.6551724   0.7205172414   557.6837259    
-514.6551724   0.789137931    530.8274818    
-514.6551724   0.8577586207   508.192565     
-514.6551724   0.9263793103   488.8402417    
-514.6551724   0.995          472.0907496    
-473.4827586   -0.995         -234.120885    
-473.4827586   -0.9263793103  -266.6605096   
-473.4827586   -0.8577586207  -304.3820216   
-473.4827586   -0.789137931   -348.6367473   
-473.4827586   -0.7205172414  -401.2908089   
-473.4827586   -0.6518965517  -464.9960718   
-473.4827586   -0.5832758621  -543.6523199   
-473.4827586   -0.5146551724  -643.2392503   
-473.4827586   -0.4460344828  -773.416359    
-473.4827586   -0.3774137931  -950.8682526   
-473.4827586   -0.3087931034  -1207.110799   
-473.4827586   -0.2401724138  -1609.675471   
-473.4827586   -0.1715517241  -2334.14938    
-473.4827586   -0.1029310345  -4024.346154   
-473.4827586   -0.03431034483 -12474.59762   
-473.4827586   0.03431034483  12875.40438    
-473.4827586   0.1029310345   4425.149463    
-473.4827586   0.1715517241   2734.945991    
-473.4827586   0.2401724138   2010.462001    
-473.4827586   0.3087931034   1607.883424    
-473.4827586   0.3774137931   1351.624575    
-473.4827586   0.4460344828   1174.152519    
-473.4827586   0.5146551724   1043.951896    
-473.4827586   0.5832758621   944.3381071    
-473.4827586   0.6518965517   865.6516486    
-473.4827586   0.7205172414   801.9128284    
-473.4827586   0.789137931    749.2218515    
-473.4827586   0.8577586207   704.9268646    
-473.4827586   0.9263793103   667.161746     
-473.4827586   0.995          634.5751705    
-432.3103448   -0.995         -493.715735    
-432.3103448   -0.9263793103  -542.6527465   
-432.3103448   -0.8577586207  -599.4066908   
-432.3103448   -0.789137931   -666.0169211   
-432.3103448   -0.7205172414  -745.2990229   
-432.3103448   -0.6518965517  -841.2543352   
-432.3103448   -0.5832758621  -959.7671753   
-432.3103448   -0.5146551724  -1109.860481   
-432.3103448   -0.4460344828  -1306.10871    
-432.3103448   -0.3774137931  -1573.687498   
-432.3103448   -0.3087931034  -1960.148793   
-432.3103448   -0.2401724138  -2567.39238    
-432.3103448   -0.1715517241  -3660.355347   
-432.3103448   -0.1029310345  -6210.474563   
-432.3103448   -0.03431034483 -18960.68248   
-432.3103448   0.03431034483  19289.54626    
-432.3103448   0.1029310345   6539.336503    
-432.3103448   0.1715517241   3989.213577    
-432.3103448   0.2401724138   2896.245027    
-432.3103448   0.3087931034   2288.993979    
-432.3103448   0.3774137931   1902.523121    
-432.3103448   0.4460344828   1634.933481    
-432.3103448   0.5146551724   1438.672206    
-432.3103448   0.5832758621   1288.564007    
-432.3103448   0.6518965517   1170.034397    
-432.3103448   0.7205172414   1074.060459    
-432.3103448   0.789137931    994.7578693    
-432.3103448   0.8577586207   928.1252909    
-432.3103448   0.9263793103   871.3468385    
-432.3103448   0.995          822.383874     
-391.137931    -0.995         -742.2593026   
-391.137931    -0.9263793103  -807.6306669   
-391.137931    -0.8577586207  -883.4543077   
-391.137931    -0.789137931   -972.4567514   
-391.137931    -0.7205172414  -1078.4032     
-391.137931    -0.6518965517  -1206.644448   
-391.137931    -0.5832758621  -1365.048252   
-391.137931    -0.5146551724  -1565.680288   
-391.137931    -0.4460344828  -1828.029902   
-391.137931    -0.3774137931  -2185.76091    
-391.137931    -0.3087931034  -2702.460532   
-391.137931    -0.2401724138  -3514.387078   
-391.137931    -0.1715517241  -4975.811543   
-391.137931    -0.1029310345  -8385.732218   
-391.137931    -0.03431034483 -25435.11642   
-391.137931    0.03431034483  25712.80655    
-391.137931    0.1029310345   8663.421273    
-391.137931    0.1715517241   5253.498303    
-391.137931    0.2401724138   3792.070435    
-391.137931    0.3087931034   2980.139297    
-391.137931    0.3774137931   2463.433967    
-391.137931    0.4460344828   2105.696105    
-391.137931    0.5146551724   1843.3385      
-391.137931    0.5832758621   1642.697333    
-391.137931    0.6518965517   1484.283026    
-391.137931    0.7205172414   1356.030604    
-391.137931    0.789137931    1250.071601    
-391.137931    0.8577586207   1161.055465    
-391.137931    0.9263793103   1085.21699     
-391.137931    0.995          1019.829652    
-349.9655172   -0.995         -981.917085    
-349.9655172   -0.9263793103  -1063.526017   
-349.9655172   -0.8577586207  -1158.185266   
-349.9655172   -0.789137931   -1269.305625   
-349.9655172   -0.7205172414  -1401.586636   
-349.9655172   -0.6518965517  -1561.710485   
-349.9655172   -0.5832758621  -1759.503931   
-349.9655172   -0.5146551724  -2010.034639   
-349.9655172   -0.4460344828  -2337.642728   
-349.9655172   -0.3774137931  -2784.370191   
-349.9655172   -0.3087931034  -3429.629722   
-349.9655172   -0.2401724138  -4443.592016   
-349.9655172   -0.1715517241  -6268.697908   
-349.9655172   -0.1029310345  -10527.23633   
-349.9655172   -0.03431034483 -31819.80234   
-349.9655172   0.03431034483  32057.75625    
-349.9655172   0.1029310345   10765.18852    
-349.9655172   0.1715517241   6506.6497      
-349.9655172   0.2401724138   4681.54156     
-349.9655172   0.3087931034   3667.576855    
-349.9655172   0.3774137931   3022.313506    
-349.9655172   0.4460344828   2575.581474    
-349.9655172   0.5146551724   2247.968107    
-349.9655172   0.5832758621   1997.436116    
-349.9655172   0.6518965517   1799.635443    
-349.9655172   0.7205172414   1639.503706    
-349.9655172   0.789137931    1507.214137    
-349.9655172   0.8577586207   1396.084524    
-349.9655172   0.9263793103   1301.412574    
-349.9655172   0.995          1219.793172    
-308.7931034   -0.995         -1212.865971   
-308.7931034   -0.9263793103  -1310.346849   
-308.7931034   -0.8577586207  -1423.422083   
-308.7931034   -0.789137931   -1556.159904   
-308.7931034   -0.7205172414  -1714.178015   
-308.7931034   -0.6518965517  -1905.459565   
-308.7931034   -0.5832758621  -2141.744511   
-308.7931034   -0.5146551724  -2441.034187   
-308.7931034   -0.4460344828  -2832.407328   
-308.7931034   -0.3774137931  -3366.090951   
-308.7931034   -0.3087931034  -4136.960138   
-308.7931034   -0.2401724138  -5348.314371   
-308.7931034   -0.1715517241  -7528.73724    
-308.7931034   -0.1029310345  -12616.36522   
-308.7931034   -0.03431034483 -38054.42479   
-308.7931034   0.03431034483  38259.66393    
-308.7931034   0.1029310345   12821.60391    
-308.7931034   0.1715517241   7733.974976    
-308.7931034   0.2401724138   5553.551114    
-308.7931034   0.3087931034   4342.194252    
-308.7931034   0.3774137931   3571.322679    
-308.7931034   0.4460344828   3037.635562    
-308.7931034   0.5146551724   2646.258808    
-308.7931034   0.5832758621   2346.965138    
-308.7931034   0.6518965517   2110.675592    
-308.7931034   0.7205172414   1919.388939    
-308.7931034   0.789137931    1761.365219    
-308.7931034   0.8577586207   1628.621267    
-308.7931034   0.9263793103   1515.539301    
-308.7931034   0.995          1418.051268    
-267.6206897   -0.995         -1434.535993   
-267.6206897   -0.9263793103  -1547.385332   
-267.6206897   -0.8577586207  -1678.28895    
-267.6206897   -0.789137931   -1831.956578   
-267.6206897   -0.7205172414  -2014.892236   
-267.6206897   -0.6518965517  -2236.338279   
-267.6206897   -0.5832758621  -2509.886562   
-267.6206897   -0.5146551724  -2856.378026   
-267.6206897   -0.4460344828  -3309.478592   
-267.6206897   -0.3774137931  -3927.338604   
-267.6206897   -0.3087931034  -4819.786236   
-267.6206897   -0.2401724138  -6222.211838   
-267.6206897   -0.1715517241  -8746.566727   
-267.6206897   -0.1029310345  -14636.711     
-267.6206897   -0.03431034483 -44087.38483   
-267.6206897   0.03431034483  44264.57357    
-267.6206897   0.1029310345   14813.89811    
-267.6206897   0.1715517241   8923.753602    
-267.6206897   0.2401724138   6399.397224    
-267.6206897   0.3087931034   4996.970892    
-267.6206897   0.3774137931   4104.521753    
-267.6206897   0.4460344828   3486.659624    
-267.6206897   0.5146551724   3033.55677     
-267.6206897   0.5832758621   2687.062402    
-267.6206897   0.6518965517   2413.510805    
-267.6206897   0.7205172414   2192.061135    
-267.6206897   0.789137931    2009.121531    
-267.6206897   0.8577586207   1855.449549    
-267.6206897   0.9263793103   1724.541225    
-267.6206897   0.995          1611.686801    
-226.4482759   -0.995         -1646.160178   
-226.4482759   -0.9263793103  -1773.763132   
-226.4482759   -0.8577586207  -1921.781254   
-226.4482759   -0.789137931   -2095.540101   
-226.4482759   -0.7205172414  -2302.394486   
-226.4482759   -0.6518965517  -2552.795385   
-226.4482759   -0.5832758621  -2862.112113   
-226.4482759   -0.5146551724  -3253.9112     
-226.4482759   -0.4460344828  -3766.260786   
-226.4482759   -0.3774137931  -4464.915967   
-226.4482759   -0.3087931034  -5474.080374   
-226.4482759   -0.2401724138  -7059.904679   
-226.4482759   -0.1715517241  -9914.380558   
-226.4482759   -0.1029310345  -16574.77269   
-226.4482759   -0.03431034483 -49876.82294   
-226.4482759   0.03431034483  50029.27013    
-226.4482759   0.1029310345   16727.22059    
-226.4482759   0.1715517241   10066.82722    
-226.4482759   0.2401724138   7212.350554    
-226.4482759   0.3087931034   5626.525203    
-226.4482759   0.3774137931   4617.359474    
-226.4482759   0.4460344828   3918.702713    
-226.4482759   0.5146551724   3406.351461    
-226.4482759   0.5832758621   3014.550464    
-226.4482759   0.6518965517   2705.231329    
-226.4482759   0.7205172414   2454.827761    
-226.4482759   0.789137931    2247.970451    
-226.4482759   0.8577586207   2074.208261    
-226.4482759   0.9263793103   1926.186702    
-226.4482759   0.995          1798.580093    
-185.2758621   -0.995         -1847.046396   
-185.2758621   -0.9263793103  -1988.703818   
-185.2758621   -0.8577586207  -2153.025262   
-185.2758621   -0.789137931   -2345.92305    
-185.2758621   -0.7205172414  -2575.561828   
-185.2758621   -0.6518965517  -2853.543987   
-185.2758621   -0.5832758621  -3196.931855   
-185.2758621   -0.5146551724  -3631.88768    
-185.2758621   -0.4460344828  -4200.673555   
-185.2758621   -0.3774137931  -4976.287386   
-185.2758621   -0.3087931034  -6096.615446   
-185.2758621   -0.2401724138  -7857.125464   
-185.2758621   -0.1715517241  -11026.03656   
-185.2758621   -0.1029310345  -18420.14944   
-185.2758621   -0.03431034483 -55390.5755    
-185.2758621   0.03431034483  55520.77108    
-185.2758621   0.1029310345   18550.34478    
-185.2758621   0.1715517241   11156.23153    
-185.2758621   0.2401724138   7987.319847    
-185.2758621   0.3087931034   6226.809038    
-185.2758621   0.3774137931   5106.480361    
-185.2758621   0.4460344828   4330.865029    
-185.2758621   0.5146551724   3762.077785    
-185.2758621   0.5832758621   3327.120397    
-185.2758621   0.6518965517   2983.73077     
-185.2758621   0.7205172414   2705.74666     
-185.2758621   0.789137931    2476.105731    
-185.2758621   0.8577586207   2283.2056      
-185.2758621   0.9263793103   2118.881625    
-185.2758621   0.995          1977.221461    
-144.1034483   -0.995         -2036.703874   
-144.1034483   -0.9263793103  -2191.659915   
-144.1034483   -0.8577586207  -2371.407643   
-144.1034483   -0.789137931   -2582.414449   
-144.1034483   -0.7205172414  -2833.611477   
-144.1034483   -0.6518965517  -3137.690357   
-144.1034483   -0.5832758621  -3513.315235   
-144.1034483   -0.5146551724  -3989.104493   
-144.1034483   -0.4460344828  -4611.287811   
-144.1034483   -0.3774137931  -5459.716191   
-144.1034483   -0.3087931034  -6685.220234   
-144.1034483   -0.2401724138  -8611.007768   
-144.1034483   -0.1715517241  -12077.41722   
-144.1034483   -0.1029310345  -20165.69305   
-144.1034483   -0.03431034483 -60607.05803   
-144.1034483   0.03431034483  60716.97933    
-144.1034483   0.1029310345   20275.61422    
-144.1034483   0.1715517241   12187.33874    
-144.1034483   0.2401724138   8720.928204    
-144.1034483   0.3087931034   6795.140521    
-144.1034483   0.3774137931   5569.635323    
-144.1034483   0.4460344828   4721.206071    
-144.1034483   0.5146551724   4099.021736    
-144.1034483   0.5832758621   3623.231306    
-144.1034483   0.6518965517   3247.605108    
-144.1034483   0.7205172414   2943.524766    
-144.1034483   0.789137931    2692.326124    
-144.1034483   0.8577586207   2481.317559    
-144.1034483   0.9263793103   2301.567927    
-144.1034483   0.995          2146.609848    
-102.9310345   -0.995         -2214.883936   
-102.9310345   -0.9263793103  -2382.351105   
-102.9310345   -0.8577586207  -2576.611536   
-102.9310345   -0.789137931   -2804.654764   
-102.9310345   -0.7205172414  -3076.133004   
-102.9310345   -0.6518965517  -3404.762551   
-102.9310345   -0.5832758621  -3810.71444    
-102.9310345   -0.5146551724  -4324.917596   
-102.9310345   -0.4460344828  -4997.334097   
-102.9310345   -0.3774137931  -5914.261848   
-102.9310345   -0.3087931034  -7238.708934   
-102.9310345   -0.2401724138  -9319.977748   
-102.9310345   -0.1715517241  -13066.25344   
-102.9310345   -0.1029310345  -21807.54649   
-102.9310345   -0.03431034483 -65513.99374   
-102.9310345   0.03431034483  65605.29021    
-102.9310345   0.1029310345   21898.84294    
-102.9310345   0.1715517241   13157.54959    
-102.9310345   0.2401724138   9411.273574    
-102.9310345   0.3087931034   7330.004333    
-102.9310345   0.3774137931   6005.556686    
-102.9310345   0.4460344828   5088.628276    
-102.9310345   0.5146551724   4416.211001    
-102.9310345   0.5832758621   3902.006968    
-102.9310345   0.6518965517   3496.054083    
-102.9310345   0.7205172414   3167.423429    
-102.9310345   0.789137931    2895.943972    
-102.9310345   0.8577586207   2667.899416    
-102.9310345   0.9263793103   2473.637548    
-102.9310345   0.995          2306.168827    
-61.75862069   -0.995         -2381.571726   
-61.75862069   -0.9263793103  -2560.7528     
-61.75862069   -0.8577586207  -2768.601079   
-61.75862069   -0.789137931   -3012.594953   
-61.75862069   -0.7205172414  -3303.061731   
-61.75862069   -0.6518965517  -3654.677051   
-61.75862069   -0.5832758621  -4089.022728   
-61.75862069   -0.5146551724  -4639.190898   
-61.75862069   -0.4460344828  -5358.638068   
-61.75862069   -0.3774137931  -6339.697969   
-61.75862069   -0.3087931034  -7756.779674   
-61.75862069   -0.2401724138  -9983.615685   
-61.75862069   -0.1715517241  -13991.91274   
-61.75862069   -0.1029310345  -23344.58544   
-61.75862069   -0.03431034483 -70107.92563   
-61.75862069   0.03431034483  70182.03059    
-61.75862069   0.1029310345   23418.69033    
-61.75862069   0.1715517241   14066.0175     
-61.75862069   0.2401724138   10057.72074    
-61.75862069   0.3087931034   7830.883815    
-61.75862069   0.3774137931   6413.801697    
-61.75862069   0.4460344828   5432.741297    
-61.75862069   0.5146551724   4713.293541    
-61.75862069   0.5832758621   4163.124706    
-61.75862069   0.6518965517   3728.778274    
-61.75862069   0.7205172414   3377.162123    
-61.75862069   0.789137931    3086.694428    
-61.75862069   0.8577586207   2842.699546    
-61.75862069   0.9263793103   2634.850178    
-61.75862069   0.995          2455.667934    
-20.5862069    -0.995         -2536.953545   
-20.5862069    -0.9263793103  -2727.059222   
-20.5862069    -0.8577586207  -2947.579723   
-20.5862069    -0.789137931   -3206.449347   
-20.5862069    -0.7205172414  -3514.624972   
-20.5862069    -0.6518965517  -3887.676905   
-20.5862069    -0.5832758621  -4348.502656   
-20.5862069    -0.5146551724  -4932.211747   
-20.5862069    -0.4460344828  -5695.519538   
-20.5862069    -0.3774137931  -6736.388695   
-20.5862069    -0.3087931034  -8239.86071    
-20.5862069    -0.2401724138  -10602.4525    
-20.5862069    -0.1715517241  -14855.10681   
-20.5862069    -0.1029310345  -24777.94532   
-20.5862069    -0.03431034483 -74392.10831   
-20.5862069    0.03431034483  74450.30847    
-20.5862069    0.1029310345   24836.14543    
-20.5862069    0.1715517241   14913.30686    
-20.5862069    0.2401724138   10660.6523     
-20.5862069    0.3087931034   8298.060256    
-20.5862069    0.3774137931   6794.58792     
-20.5862069    0.4460344828   5753.71839     
-20.5862069    0.5146551724   4990.41016     
-20.5862069    0.5832758621   4406.70057     
-20.5862069    0.6518965517   3945.874249    
-20.5862069    0.7205172414   3572.821688    
-20.5862069    0.789137931    3264.645372    
-20.5862069    0.8577586207   3005.774992    
-20.5862069    0.9263793103   2785.253676    
-20.5862069    0.995          2595.14712     
20.5862069     -0.995         -2681.374764   
20.5862069     -0.9263793103  -2881.637196   
20.5862069     -0.8577586207  -3113.939209   
20.5862069     -0.789137931   -3386.638935   
20.5862069     -0.7205172414  -3711.278581   
20.5862069     -0.6518965517  -4104.260221   
20.5862069     -0.5832758621  -4589.704544   
20.5862069     -0.5146551724  -5204.596621   
20.5862069     -0.4460344828  -6008.681554   
20.5862069     -0.3774137931  -7105.155164   
20.5862069     -0.3087931034  -8688.943878   
20.5862069     -0.2401724138  -11177.74704   
20.5862069     -0.1715517241  -15657.57879   
20.5862069     -0.1029310345  -26110.49633   
20.5862069     -0.03431034483 -78375.04864   
20.5862069     0.03431034483  78418.52735    
20.5862069     0.1029310345   26153.97499    
20.5862069     0.1715517241   15701.05734    
20.5862069     0.2401724138   11221.22546    
20.5862069     0.3087931034   8732.422113    
20.5862069     0.3774137931   7148.633166    
20.5862069     0.4460344828   6052.159277    
20.5862069     0.5146551724   5248.074017    
20.5862069     0.5832758621   4633.181572    
20.5862069     0.6518965517   4147.736825    
20.5862069     0.7205172414   3754.754722    
20.5862069     0.789137931    3430.11456     
20.5862069     0.8577586207   3157.414271    
20.5862069     0.9263793103   2925.111656    
20.5862069     0.995          2724.848572    
61.75862069    -0.995         -2815.297386   
61.75862069    -0.9263793103  -3024.979911   
61.75862069    -0.8577586207  -3268.208898   
61.75862069    -0.789137931   -3553.735592   
61.75862069    -0.7205172414  -3893.645042   
61.75862069    -0.6518965517  -4305.110756   
61.75862069    -0.5832758621  -4813.387876   
61.75862069    -0.5146551724  -5457.20095    
61.75862069    -0.4460344828  -6299.105038   
61.75862069    -0.3774137931  -7447.149492   
61.75862069    -0.3087931034  -9105.428559   
61.75862069    -0.2401724138  -11711.28688   
61.75862069    -0.1715517241  -16401.81629   
61.75862069    -0.1029310345  -27346.35915   
61.75862069    -0.03431034483 -82069.03146   
61.75862069    0.03431034483  82098.89555    
61.75862069    0.1029310345   27376.22321    
61.75862069    0.1715517241   16431.68028    
61.75862069    0.2401724138   11741.15076    
61.75862069    0.3087931034   9135.29277     
61.75862069    0.3774137931   7477.013074    
61.75862069    0.4460344828   6328.968424    
61.75862069    0.5146551724   5487.064092    
61.75862069    0.5832758621   4843.250748    
61.75862069    0.6518965517   4334.973324    
61.75862069    0.7205172414   3923.507272    
61.75862069    0.789137931    3583.597445    
61.75862069    0.8577586207   3298.07035     
61.75862069    0.9263793103   3054.840926    
61.75862069    0.995          2845.157931    
102.9310345    -0.995         -2939.261907   
102.9310345    -0.9263793103  -3157.665534   
102.9310345    -0.8577586207  -3411.010667   
102.9310345    -0.789137931   -3708.412493   
102.9310345    -0.7205172414  -4062.458634   
102.9310345    -0.6518965517  -4491.036763   
102.9310345    -0.5832758621  -5020.452296   
102.9310345    -0.5146551724  -5691.040181   
102.9310345    -0.4460344828  -6567.956883   
102.9310345    -0.3774137931  -7763.745505   
102.9310345    -0.3087931034  -9490.987028   
102.9310345    -0.2401724138  -12205.21324   
102.9310345    -0.1715517241  -17090.80418   
102.9310345    -0.1029310345  -28490.48796   
102.9310345    -0.03431034483 -85488.85823   
102.9310345    0.03431034483  85506.15454    
102.9310345    0.1029310345   28507.78424    
102.9310345    0.1715517241   17108.10041    
102.9310345    0.2401724138   12222.5094     
102.9310345    0.3087931034   9508.28309     
102.9310345    0.3774137931   7781.041451    
102.9310345    0.4460344828   6585.252684    
102.9310345    0.5146551724   5708.335822    
102.9310345    0.5832758621   5037.747748    
102.9310345    0.6518965517   4508.332009    
102.9310345    0.7205172414   4079.753639    
102.9310345    0.789137931    3725.707237    
102.9310345    0.8577586207   3428.305131    
102.9310345    0.9263793103   3174.959696    
102.9310345    0.995          2956.555748    
144.1034483    -0.995         -3053.855558   
144.1034483    -0.9263793103  -3280.322772   
144.1034483    -0.8577586207  -3543.021383   
144.1034483    -0.789137931   -3851.403054   
144.1034483    -0.7205172414  -4218.520095   
144.1034483    -0.6518965517  -4662.920505   
144.1034483    -0.5832758621  -5211.880778   
144.1034483    -0.5146551724  -5907.224848   
144.1034483    -0.4460344828  -6816.514812   
144.1034483    -0.3774137931  -8056.447331   
144.1034483    -0.3087931034  -9847.451946   
144.1034483    -0.2401724138  -12661.87622   
144.1034483    -0.1715517241  -17727.82244   
144.1034483    -0.1029310345  -29548.33249   
144.1034483    -0.03431034483 -88650.81488   
144.1034483    0.03431034483  88656.53978    
144.1034483    0.1029310345   29554.05736    
144.1034483    0.1715517241   17733.54728    
144.1034483    0.2401724138   12667.60101    
144.1034483    0.3087931034   9853.17667     
144.1034483    0.3774137931   8062.171978    
144.1034483    0.4460344828   6822.23936     
144.1034483    0.5146551724   5912.949298    
144.1034483    0.5832758621   5217.605104    
144.1034483    0.6518965517   4668.644695    
144.1034483    0.7205172414   4224.244128    
144.1034483    0.789137931    3857.126921    
144.1034483    0.8577586207   3548.745069    
144.1034483    0.9263793103   3286.046264    
144.1034483    0.995          3059.578831    
185.2758621    -0.995         -3159.687179   
185.2758621    -0.9263793103  -3393.603805   
185.2758621    -0.8577586207  -3664.943464   
185.2758621    -0.789137931   -3983.468685   
185.2758621    -0.7205172414  -4362.661063   
185.2758621    -0.6518965517  -4821.678644   
185.2758621    -0.5832758621  -5388.69503    
185.2758621    -0.5146551724  -6106.909738   
185.2758621    -0.4460344828  -7046.106961   
185.2758621    -0.3774137931  -8326.821508   
185.2758621    -0.3087931034  -10176.73276   
185.2758621    -0.2401724138  -13083.72374   
185.2758621    -0.1715517241  -18316.28856   
185.2758621    -0.1029310345  -30525.57663   
185.2758621    -0.03431034483 -91571.92299   
185.2758621    0.03431034483  91567.02705    
185.2758621    0.1029310345   30520.68066    
185.2758621    0.1715517241   18311.39257    
185.2758621    0.2401724138   13078.82772    
185.2758621    0.3087931034   10171.8367     
185.2758621    0.3774137931   8321.925404    
185.2758621    0.4460344828   7041.210802    
185.2758621    0.5146551724   6102.013523    
185.2758621    0.5832758621   5383.798746    
185.2758621    0.6518965517   4816.782285    
185.2758621    0.7205172414   4357.764616    
185.2758621    0.789137931    3978.572143    
185.2758621    0.8577586207   3660.046821    
185.2758621    0.9263793103   3388.707056    
185.2758621    0.995          3154.790305    
226.4482759    -0.995         -3257.368649   
226.4482759    -0.9263793103  -3498.164061   
226.4482759    -0.8577586207  -3777.482879   
226.4482759    -0.789137931   -4105.374696   
226.4482759    -0.7205172414  -4495.717507   
226.4482759    -0.6518965517  -4968.232677   
226.4482759    -0.5832758621  -5551.922218   
226.4482759    -0.5146551724  -6291.255875   
226.4482759    -0.4460344828  -7258.069756   
226.4482759    -0.3774137931  -8576.442853   
226.4482759    -0.3087931034  -10480.74912   
226.4482759    -0.2401724138  -13473.21726   
226.4482759    -0.1715517241  -18859.6398    
226.4482759    -0.1029310345  -31427.92739   
226.4482759    -0.03431034483 -94269.26538   
226.4482759    0.03431034483  94254.6542     
226.4482759    0.1029310345   31413.31615    
226.4482759    0.1715517241   18845.02853    
226.4482759    0.2401724138   13458.606      
226.4482759    0.3087931034   10466.13784    
226.4482759    0.3774137931   8561.831559    
226.4482759    0.4460344828   7243.458436    
226.4482759    0.5146551724   6276.644539    
226.4482759    0.5832758621   5537.310859    
226.4482759    0.6518965517   4953.621293    
226.4482759    0.7205172414   4481.106087    
226.4482759    0.789137931    4090.763246    
226.4482759    0.8577586207   3762.871394    
226.4482759    0.9263793103   3483.552539    
226.4482759    0.995          3242.757083    
267.6206897    -0.995         -3347.501638   
267.6206897    -0.9263793103  -3594.647947   
267.6206897    -0.8577586207  -3881.3336     
267.6206897    -0.789137931   -4217.873237   
267.6206897    -0.7205172414  -4618.510851   
267.6206897    -0.6518965517  -5103.487903   
267.6206897    -0.5832758621  -5702.57125    
267.6206897    -0.5146551724  -6461.403742   
267.6206897    -0.4460344828  -7453.715013   
267.6206897    -0.3774137931  -8806.857281   
267.6206897    -0.3087931034  -10761.38516   
267.6206897    -0.2401724138  -13832.77231   
267.6206897    -0.1715517241  -19361.24825   
267.6206897    -0.1029310345  -32260.99197   
267.6206897    -0.03431034483 -96759.60653   
267.6206897    0.03431034483  96736.13807    
267.6206897    0.1029310345   32237.52345    
267.6206897    0.1715517241   19337.77971    
267.6206897    0.2401724138   13809.30382    
267.6206897    0.3087931034   10737.91667    
267.6206897    0.3774137931   8783.388805    
267.6206897    0.4460344828   7430.246537    
267.6206897    0.5146551724   6437.935283    
267.6206897    0.5832758621   5679.102804    
267.6206897    0.6518965517   5080.019469    
267.6206897    0.7205172414   4595.042436    
267.6206897    0.789137931    4194.404845    
267.6206897    0.8577586207   3857.865229    
267.6206897    0.9263793103   3571.179597    
267.6206897    0.995          3324.033318    
308.7931034    -0.995         -3430.668888   
308.7931034    -0.9263793103  -3683.679274   
308.7931034    -0.8577586207  -3977.167139   
308.7931034    -0.789137931   -4321.691825   
308.7931034    -0.7205172414  -4731.835279   
308.7931034    -0.6518965517  -5228.319219   
308.7931034    -0.5832758621  -5841.616751   
308.7931034    -0.5146551724  -6618.453653   
308.7931034    -0.4460344828  -7634.308882   
308.7931034    -0.3774137931  -9019.55622    
308.7931034    -0.3087931034  -11020.45772   
308.7931034    -0.2401724138  -14164.71724   
308.7931034    -0.1715517241  -19824.36267   
308.7931034    -0.1029310345  -33030.16748   
308.7931034    -0.03431034483 -99059.08437   
308.7931034    0.03431034483  99027.56324    
308.7931034    0.1029310345   32998.6467     
308.7931034    0.1715517241   19792.84196    
308.7931034    0.2401724138   14133.19653    
308.7931034    0.3087931034   10988.93703    
308.7931034    0.3774137931   8988.03557     
308.7931034    0.4460344828   7602.788264    
308.7931034    0.5146551724   6586.933076    
308.7931034    0.5832758621   5810.096229    
308.7931034    0.6518965517   5196.798749    
308.7931034    0.7205172414   4700.314873    
308.7931034    0.789137931    4290.17149     
308.7931034    0.8577586207   3945.64688     
308.7931034    0.9263793103   3652.159098    
308.7931034    0.995          3399.148793    
349.9655172    -0.995         -3507.428312   
349.9655172    -0.9263793103  -3765.855016   
349.9655172    -0.8577586207  -4065.625725   
349.9655172    -0.789137931   -4417.525829   
349.9655172    -0.7205172414  -4836.449439   
349.9655172    -0.6518965517  -5343.561874   
349.9655172    -0.5832758621  -5969.988605   
349.9655172    -0.5146551724  -6763.455688   
349.9655172    -0.4460344828  -7801.05791    
349.9655172    -0.3774137931  -9215.960049   
349.9655172    -0.3087931034  -11259.69602   
349.9655172    -0.2401724138  -14471.26658   
349.9655172    -0.1715517241  -20252.07145   
349.9655172    -0.1029310345  -33740.58115   
349.9655172    -0.03431034483 -101183.0192   
349.9655172    0.03431034483  101144.1911    
349.9655172    0.1029310345   33701.75306    
349.9655172    0.1715517241   20213.24338    
349.9655172    0.2401724138   14432.43852    
349.9655172    0.3087931034   11220.86802    
349.9655172    0.3774137931   9177.132093    
349.9655172    0.4460344828   7762.230007    
349.9655172    0.5146551724   6724.627869    
349.9655172    0.5832758621   5931.160878    
349.9655172    0.6518965517   5304.734245    
349.9655172    0.7205172414   4797.621919    
349.9655172    0.789137931    4378.698433    
349.9655172    0.8577586207   4026.798463    
349.9655172    0.9263793103   3727.0279      
349.9655172    0.995          3468.601352    
391.137931     -0.995         -3578.308809   
391.137931     -0.9263793103  -3841.740695   
391.137931     -0.8577586207  -4147.317386   
391.137931     -0.789137931   -4506.033179   
391.137931     -0.7205172414  -4933.070675   
391.137931     -0.6518965517  -5450.005148   
391.137931     -0.5832758621  -6088.565251   
391.137931     -0.5146551724  -6897.400555   
391.137931     -0.4460344828  -7955.100017   
391.137931     -0.3774137931  -9397.407452   
391.137931     -0.3087931034  -11480.72878   
391.137931     -0.2401724138  -14754.50482   
391.137931     -0.1715517241  -20647.2795    
391.137931     -0.1029310345  -34397.05172   
391.137931     -0.03431034483 -103145.8021   
391.137931     0.03431034483  103100.3451    
391.137931     0.1029310345   34351.59462    
391.137931     0.1715517241   20601.82242    
391.137931     0.2401724138   14709.04721    
391.137931     0.3087931034   11435.27182    
391.137931     0.3774137931   9351.950571    
391.137931     0.4460344828   7909.643228    
391.137931     0.5146551724   6851.943887    
391.137931     0.5832758621   6043.108723    
391.137931     0.6518965517   5404.548767    
391.137931     0.7205172414   4887.614465    
391.137931     0.789137931    4460.577155    
391.137931     0.8577586207   4101.861569    
391.137931     0.9263793103   3796.2851      
391.137931     0.995          3532.853454    
432.3103448    -0.995         -3643.80585    
432.3103448    -0.9263793103  -3911.865894   
432.3103448    -0.8577586207  -4222.811286   
432.3103448    -0.789137931   -4587.829508   
432.3103448    -0.7205172414  -5022.369947   
432.3103448    -0.6518965517  -5548.386983   
432.3103448    -0.5832758621  -6198.166788   
432.3103448    -0.5146551724  -7021.213781   
432.3103448    -0.4460344828  -8097.497831   
432.3103448    -0.3774137931  -9565.148016   
432.3103448    -0.3087931034  -11685.07565   
432.3103448    -0.2401724138  -15016.37602   
432.3103448    -0.1715517241  -21012.69483   
432.3103448    -0.1029310345  -35004.07205   
432.3103448    -0.03431034483 -104960.8384   
432.3103448    0.03431034483  104909.3631    
432.3103448    0.1029310345   34952.59517    
432.3103448    0.1715517241   20961.21954    
432.3103448    0.2401724138   14964.90078    
432.3103448    0.3087931034   11633.60052    
432.3103448    0.3774137931   9513.673008    
432.3103448    0.4460344828   8046.022972    
432.3103448    0.5146551724   6969.739085    
432.3103448    0.5832758621   6146.692295    
432.3103448    0.6518965517   5496.912709    
432.3103448    0.7205172414   4970.895923    
432.3103448    0.789137931    4536.35576     
432.3103448    0.8577586207   4171.337835    
432.3103448    0.9263793103   3860.392767    
432.3103448    0.995          3592.333071    
473.4827586    -0.995         -3704.37612    
473.4827586    -0.9263793103  -3976.718834   
473.4827586    -0.8577586207  -4292.632238   
473.4827586    -0.789137931   -4663.482598   
473.4827586    -0.7205172414  -5104.966198   
473.4827586    -0.6518965517  -5639.388269   
473.4827586    -0.5832758621  -6299.550944   
473.4827586    -0.5146551724  -7135.749771   
473.4827586    -0.4460344828  -8229.232609   
473.4827586    -0.3774137931  -9720.335968   
473.4827586    -0.3087931034  -11874.14075   
473.4827586    -0.2401724138  -15258.67711   
473.4827586    -0.1715517241  -21350.8214    
473.4827586    -0.1029310345  -35565.79229   
473.4827586    -0.03431034483 -106640.5307   
473.4827586    0.03431034483  106583.5901    
473.4827586    0.1029310345   35508.852      
473.4827586    0.1715517241   21293.88086    
473.4827586    0.2401724138   15201.73666    
473.4827586    0.3087931034   11817.20044    
473.4827586    0.3774137931   9663.39583     
473.4827586    0.4460344828   8172.292682    
473.4827586    0.5146551724   7078.810084    
473.4827586    0.5832758621   6242.611546    
473.4827586    0.6518965517   5582.449462    
473.4827586    0.7205172414   5048.027472    
473.4827586    0.789137931    4606.544265    
473.4827586    0.8577586207   4235.694332    
473.4827586    0.9263793103   3919.781392    
473.4827586    0.995          3647.439177    
514.6551724    -0.995         -3760.430224   
514.6551724    -0.9263793103  -4036.73903    
514.6551724    -0.8577586207  -4357.25332    
514.6551724    -0.789137931   -4733.504963   
514.6551724    -0.7205172414  -5181.418929   
514.6551724    -0.6518965517  -5723.625705   
514.6551724    -0.5832758621  -6393.404497   
514.6551724    -0.5146551724  -7241.784474   
514.6551724    -0.4460344828  -8351.196958   
514.6551724    -0.3774137931  -9864.023062   
514.6551724    -0.3087931034  -12049.20588   
514.6551724    -0.2401724138  -15483.05142   
514.6551724    -0.1715517241  -21663.95335   
514.6551724    -0.1029310345  -36086.0276    
514.6551724    -0.03431034483 -108196.288    
514.6551724    0.03431034483  108134.4055    
514.6551724    0.1029310345   36024.1453     
514.6551724    0.1715517241   21602.07092    
514.6551724    0.2401724138   15421.16912    
514.6551724    0.3087931034   11987.32379    
514.6551724    0.3774137931   9802.141183    
514.6551724    0.4460344828   8289.315171    
514.6551724    0.5146551724   7179.903246    
514.6551724    0.5832758621   6331.523665    
514.6551724    0.6518965517   5661.745307    
514.6551724    0.7205172414   5119.539021    
514.6551724    0.789137931    4671.625595    
514.6551724    0.8577586207   4295.374542    
514.6551724    0.9263793103   3974.860888    
514.6551724    0.995          3698.552769    
555.8275862    -0.995         -3812.313736   
555.8275862    -0.9263793103  -4092.29819    
555.8275862    -0.8577586207  -4417.076656   
555.8275862    -0.789137931   -4798.334532   
555.8275862    -0.7205172414  -5252.208808   
555.8275862    -0.6518965517  -5801.631263   
555.8275862    -0.5832758621  -6480.324168   
555.8275862    -0.5146551724  -7339.996075   
555.8275862    -0.4460344828  -8464.175541   
555.8275862    -0.3774137931  -9997.139918   
555.8275862    -0.3087931034  -12211.41275   
555.8275862    -0.2401724138  -15690.97151   
555.8275862    -0.1715517241  -21954.16023   
555.8275862    -0.1029310345  -36568.24063   
555.8275862    -0.03431034483 -109638.5424   
555.8275862    0.03431034483  109572.2862    
555.8275862    0.1029310345   36501.98463    
555.8275862    0.1715517241   21887.90412    
555.8275862    0.2401724138   15624.71552    
555.8275862    0.3087931034   12145.15648    
555.8275862    0.3774137931   9930.884339    
555.8275862    0.4460344828   8397.920229    
555.8275862    0.5146551724   7273.74107     
555.8275862    0.5832758621   6414.06953     
555.8275862    0.6518965517   5735.377027    
555.8275862    0.7205172414   5185.955284    
555.8275862    0.789137931    4732.081254    
555.8275862    0.8577586207   4350.823926    
555.8275862    0.9263793103   4026.046054    
555.8275862    0.995          3746.06224     
597            -0.995         -3860.251843   
597            -0.9263793103  -4143.647059   
597            -0.8577586207  -4472.382515   
597            -0.789137931   -4858.286087   
597            -0.7205172414  -5317.69178    
597            -0.6518965517  -5873.810202   
597            -0.5832758621  -6560.775571   
597            -0.5146551724  -7430.926666   
597            -0.4460344828  -8568.810447   
597            -0.3774137931  -10120.46353   
597            -0.3087931034  -12361.73225   
597            -0.2401724138  -15883.71445   
597            -0.1715517241  -22223.26727   
597            -0.1029310345  -37015.53338   
597            -0.03431034483 -110976.7731   
597            0.03431034483  110906.8774    
597            0.1029310345   36945.63792    
597            0.1715517241   22153.37137    
597            0.2401724138   15813.8184     
597            0.3087931034   12291.83552    
597            0.3774137931   10050.56702    
597            0.4460344828   8498.913628    
597            0.5146551724   7361.029496    
597            0.5832758621   6490.87801     
597            0.6518965517   5803.912187    
597            0.7205172414   5247.793272    
597            0.789137931    4788.387036    
597            0.8577586207   4402.482873    
597            0.9263793103   4073.746777    
597            0.995          3790.35091     
