-597           -64.675        163.0900667    
-597           -60.21465517   179.522022     
-597           -55.75431034   198.0518064    
-597           -51.29396552   219.0786259    
-597           -46.83362069   243.1210981    
-597           -42.37327586   270.8718447    
-597           -37.91293103   303.2858434    
-597           -33.45258621   341.7321712    
-597           -28.99224138   388.2706507    
-597           -24.53189655   446.1921006    
-597           -20.07155172   521.1523003    
-597           -15.6112069    623.6309285    
-597           -11.15086207   772.2982634    
-597           -6.690517241   949.2840351    
-597           -2.230172414   850.1687174    
-597           2.230172414    672.7596333    
-597           6.690517241    497.4994537    
-597           11.15086207    399.2559684    
-597           15.6112069     336.9436662    
-597           20.07155172    293.9658444    
-597           24.53189655    262.5511662    
-597           28.99224138    238.601297     
-597           33.45258621    219.7521832    
-597           37.91293103    204.5428515    
-597           42.37327586    192.0196563    
-597           46.83362069    181.5313686    
-597           51.29396552    172.6155534    
-597           55.75431034    164.9316479    
-597           60.21465517    158.2192082    
-597           64.675         152.2652578    
-555.8275862   -64.675        152.0349372    
-555.8275862   -60.21465517   167.7159229    
-555.8275862   -55.75431034   185.4314575    
-555.8275862   -51.29396552   205.5698937    
-555.8275862   -46.83362069   228.634178     
-555.8275862   -42.37327586   255.2887352    
-555.8275862   -37.91293103   286.4268903    
-555.8275862   -33.45258621   323.2587767    
-555.8275862   -28.99224138   367.3879353    
-555.8275862   -24.53189655   420.7191922    
-555.8275862   -20.07155172   484.6340874    
-555.8275862   -15.6112069    556.8891446    
-555.8275862   -11.15086207   623.8405516    
-555.8275862   -6.690517241   649.1547973    
-555.8275862   -2.230172414   529.2980401    
-555.8275862   2.230172414    743.1668519    
-555.8275862   6.690517241    531.5253554    
-555.8275862   11.15086207    420.1537348    
-555.8275862   15.6112069     347.2800911    
-555.8275862   20.07155172    297.941155     
-555.8275862   24.53189655    262.9701693    
-555.8275862   28.99224138    237.0176062    
-555.8275862   33.45258621    216.9936251    
-555.8275862   37.91293103    201.0563506    
-555.8275862   42.37327586    188.0548039    
-555.8275862   46.83362069    177.2334667    
-555.8275862   51.29396552    168.0734477    
-555.8275862   55.75431034    160.2047343    
-555.8275862   60.21465517    153.3582182    
-555.8275862   64.675         147.343153     
-514.6551724   -64.675        141.3327067    
-514.6551724   -60.21465517   156.2593037    
-514.6551724   -55.75431034   173.1192553    
-514.6551724   -51.29396552   192.2434059    
-514.6551724   -46.83362069   214.0224303    
-514.6551724   -42.37327586   238.8996834    
-514.6551724   -37.91293103   267.3341803    
-514.6551724   -33.45258621   299.6956164    
-514.6551724   -28.99224138   336.016753     
-514.6551724   -24.53189655   375.4706183    
-514.6551724   -20.07155172   415.3691659    
-514.6551724   -15.6112069    449.4138626    
-514.6551724   -11.15086207   464.544863     
-514.6551724   -6.690517241   430.4634323    
-514.6551724   -2.230172414   157.8709218    
-514.6551724   2.230172414    910.1870692    
-514.6551724   6.690517241    589.9334737    
-514.6551724   11.15086207    475.2070478    
-514.6551724   15.6112069     395.9208234    
-514.6551724   20.07155172    336.4648685    
-514.6551724   24.53189655    291.5612711    
-514.6551724   28.99224138    257.5015651    
-514.6551724   33.45258621    231.3801593    
-514.6551724   37.91293103    211.0164662    
-514.6551724   42.37327586    194.8370129    
-514.6551724   46.83362069    181.7286243    
-514.6551724   51.29396552    170.9078311    
-514.6551724   55.75431034    161.8215153    
-514.6551724   60.21465517    154.0768508    
-514.6551724   64.675         147.3933913    
-473.4827586   -64.675        130.4960254    
-473.4827586   -60.21465517   144.3828168    
-473.4827586   -55.75431034   159.9296496    
-473.4827586   -51.29396552   177.3235017    
-473.4827586   -46.83362069   196.7295771    
-473.4827586   -42.37327586   218.2440342    
-473.4827586   -37.91293103   241.8066995    
-473.4827586   -33.45258621   267.0475124    
-473.4827586   -28.99224138   293.0281389    
-473.4827586   -24.53189655   317.8228431    
-473.4827586   -20.07155172   337.8362367    
-473.4827586   -15.6112069    346.5224799    
-473.4827586   -11.15086207   330.7918369    
-473.4827586   -6.690517241   252.9532929    
-473.4827586   -2.230172414   -192.7874595   
-473.4827586   2.230172414    1114.4183      
-473.4827586   6.690517241    642.1888252    
-473.4827586   11.15086207    516.2820119    
-473.4827586   15.6112069     438.647224     
-473.4827586   20.07155172    379.4800665    
-473.4827586   24.53189655    331.8734554    
-473.4827586   28.99224138    293.186152     
-473.4827586   33.45258621    261.7495842    
-473.4827586   37.91293103    236.2013407    
-473.4827586   42.37327586    215.3779386    
-473.4827586   46.83362069    198.3070624    
-473.4827586   51.29396552    184.1995516    
-473.4827586   55.75431034    172.4294876    
-473.4827586   60.21465517    162.5080069    
-473.4827586   64.675         154.0566164    
-432.3103448   -64.675        118.8592483    
-432.3103448   -60.21465517   131.28765      
-432.3103448   -55.75431034   144.9722499    
-432.3103448   -51.29396552   159.9416921    
-432.3103448   -46.83362069   176.1450069    
-432.3103448   -42.37327586   193.392909     
-432.3103448   -37.91293103   211.2673853    
-432.3103448   -33.45258621   228.9851667    
-432.3103448   -28.99224138   245.1913521    
-432.3103448   -24.53189655   257.6298778    
-432.3103448   -20.07155172   262.5281382    
-432.3103448   -15.6112069    253.0920068    
-432.3103448   -11.15086207   214.3985416    
-432.3103448   -6.690517241   97.18898444    
-432.3103448   -2.230172414   -527.0955338   
-432.3103448   2.230172414    1333.477866    
-432.3103448   6.690517241    693.1095364    
-432.3103448   11.15086207    545.6867609    
-432.3103448   15.6112069     466.0153334    
-432.3103448   20.07155172    408.7803658    
-432.3103448   24.53189655    362.8009561    
-432.3103448   28.99224138    324.3170017    
-432.3103448   33.45258621    291.6952521    
-432.3103448   37.91293103    263.9759465    
-432.3103448   42.37327586    240.4301509    
-432.3103448   46.83362069    220.4306206    
-432.3103448   51.29396552    203.4212601    
-432.3103448   55.75431034    188.9131575    
-432.3103448   60.21465517    176.4840524    
-432.3103448   64.675         165.7752863    
-391.137931    -64.675        106.2288886    
-391.137931    -60.21465517   116.8608201    
-391.137931    -55.75431034   128.295017     
-391.137931    -51.29396552   140.425695     
-391.137931    -46.83362069   153.0390144    
-391.137931    -42.37327586   165.7588693    
-391.137931    -37.91293103   177.9693228    
-391.137931    -33.45258621   188.7005343    
-391.137931    -28.99224138   196.4479992    
-391.137931    -24.53189655   198.8442298    
-391.137931    -20.07155172   191.9398032    
-391.137931    -15.6112069    168.2593639    
-391.137931    -11.15086207   110.0762809    
-391.137931    -6.690517241   -44.65534926   
-391.137931    -2.230172414   -847.0561753   
-391.137931    2.230172414    1556.853313    
-391.137931    6.690517241    744.0072224    
-391.137931    11.15086207    569.2779759    
-391.137931    15.6112069     483.1559694    
-391.137931    20.07155172    425.6335963    
-391.137931    24.53189655    381.1310029    
-391.137931    28.99224138    344.1603008    
-391.137931    33.45258621    312.4272927    
-391.137931    37.91293103    284.8145614    
-391.137931    42.37327586    260.6685129    
-391.137931    46.83362069    239.5252549    
-391.137931    51.29396552    221.0043136    
-391.137931    55.75431034    204.7697884    
-391.137931    60.21465517    190.5180496    
-391.137931    64.675         177.9748125    
-349.9655172   -64.675        92.66348323    
-349.9655172   -60.21465517   101.2712354    
-349.9655172   -55.75431034   110.2362349    
-349.9655172   -51.29396552   119.3569997    
-349.9655172   -46.83362069   128.3167406    
-349.9655172   -42.37327586   136.6361456    
-349.9655172   -37.91293103   143.60477      
-349.9655172   -33.45258621   148.1735201    
-349.9655172   -28.99224138   148.7664346    
-349.9655172   -24.53189655   142.9034938    
-349.9655172   -20.07155172   126.3244262    
-349.9655172   -15.6112069    90.58275887    
-349.9655172   -11.15086207   14.77119954    
-349.9655172   -6.690517241   -176.0921977   
-349.9655172   -2.230172414   -1152.887717   
-349.9655172   2.230172414    1778.422196    
-349.9655172   6.690517241    794.4922208    
-349.9655172   11.15086207    589.8122413    
-349.9655172   15.6112069     494.3411095    
-349.9655172   20.07155172    434.2081452    
-349.9655172   24.53189655    389.7522173    
-349.9655172   28.99224138    353.7758907    
-349.9655172   33.45258621    323.1650029    
-349.9655172   37.91293103    296.4135537    
-349.9655172   42.37327586    272.7152607    
-349.9655172   46.83362069    251.5844025    
-349.9655172   51.29396552    232.6863028    
-349.9655172   55.75431034    215.7597217    
-349.9655172   60.21465517    200.5818108    
-349.9655172   64.675         186.9530689    
-308.7931034   -64.675        78.30863673    
-308.7931034   -60.21465517   84.77835213    
-308.7931034   -55.75431034   91.20802541    
-308.7931034   -51.29396552   97.33653733    
-308.7931034   -46.83362069   102.7891955    
-308.7931034   -42.37327586   107.0339237    
-308.7931034   -37.91293103   109.3137044    
-308.7931034   -33.45258621   108.5327407    
-308.7931034   -28.99224138   103.0441201    
-308.7931034   -24.53189655   90.20788848    
-308.7931034   -20.07155172   65.35188902    
-308.7931034   -15.6112069    18.92435847    
-308.7931034   -11.15086207   -73.24773301   
-308.7931034   -6.690517241   -298.7951765   
-308.7931034   -2.230172414   -1444.083974   
-308.7931034   2.230172414    1994.175549    
-308.7931034   6.690517241    843.8214514    
-308.7931034   11.15086207    608.3912927    
-308.7931034   15.6112069     501.9871864    
-308.7931034   20.07155172    437.6167165    
-308.7931034   24.53189655    391.8523063    
-308.7931034   28.99224138    355.9287356    
-308.7931034   33.45258621    325.9419526    
-308.7931034   37.91293103    299.9549559    
-308.7931034   42.37327586    276.9276079    
-308.7931034   46.83362069    256.2591108    
-308.7931034   51.29396552    237.5730879    
-308.7931034   55.75431034    220.6107213    
-308.7931034   60.21465517    205.1761356    
-308.7931034   64.675         191.10839      
-267.6206897   -64.675        63.36689577    
-267.6206897   -60.21465517   67.68692668    
-267.6206897   -55.75431034   71.63274807    
-267.6206897   -51.29396552   74.9086999     
-267.6206897   -46.83362069   77.10841447    
-267.6206897   -42.37327586   77.67062866    
-267.6206897   -37.91293103   75.80737668    
-267.6206897   -33.45258621   70.3776794     
-267.6206897   -28.99224138   59.64576293    
-267.6206897   -24.53189655   40.77291334    
-267.6206897   -20.07155172   8.622774584    
-267.6206897   -15.6112069    -47.5008967    
-267.6206897   -11.15086207   -154.982399    
-267.6206897   -6.690517241   -413.6044825   
-267.6206897   -2.230172414   -1719.987559   
-267.6206897   2.230172414    2201.406671    
-267.6206897   6.690517241    891.3178749    
-267.6206897   11.15086207    625.4287923    
-267.6206897   15.6112069     507.3950916    
-267.6206897   20.07155172    437.8181138    
-267.6206897   24.53189655    389.774647     
-267.6206897   28.99224138    353.0723678    
-267.6206897   33.45258621    323.0884532    
-267.6206897   37.91293103    297.4784146    
-267.6206897   42.37327586    274.9589071    
-267.6206897   46.83362069    254.7844225    
-267.6206897   51.29396552    236.4974243    
-267.6206897   55.75431034    219.8000938    
-267.6206897   60.21465517    204.4852731    
-267.6206897   64.675         190.3982599    
-226.4482759   -64.675        48.07076822    
-226.4482759   -60.21465517   50.30548558    
-226.4482759   -55.75431034   51.89355652    
-226.4482759   -51.29396552   52.51928789    
-226.4482759   -46.83362069   51.757277      
-226.4482759   -42.37327586   49.02552866    
-226.4482759   -37.91293103   43.50691701    
-226.4482759   -33.45258621   34.00843779    
-226.4482759   -28.99224138   18.68963384    
-226.4482759   -24.53189655   -5.508667197   
-226.4482759   -20.07155172   -44.20456364   
-226.4482759   -15.6112069    -109.2257925   
-226.4482759   -11.15086207   -231.0440676   
-226.4482759   -6.690517241   -520.9856289   
-226.4482759   -2.230172414   -1980.077239   
-226.4482759   2.230172414    2398.345528    
-226.4482759   6.690517241    936.4797139    
-226.4482759   11.15086207    641.0781364    
-226.4482759   15.6112069     511.2844571    
-226.4482759   20.07155172    436.0129258    
-226.4482759   24.53189655    385.0862899    
-226.4482759   28.99224138    347.0068344    
-226.4482759   33.45258621    316.5032149    
-226.4482759   37.91293103    290.8621994    
-226.4482759   42.37327586    268.5735003    
-226.4482759   46.83362069    248.7469192    
-226.4482759   51.29396552    230.8328433    
-226.4482759   55.75431034    214.4770866    
-226.4482759   60.21465517    199.441018     
-226.4482759   64.675         185.5558031    
-185.2758621   -64.675        32.65104105    
-185.2758621   -60.21465517   32.91253917    
-185.2758621   -55.75431034   32.30767077    
-185.2758621   -51.29396552   30.50799781    
-185.2758621   -46.83362069   27.07409733    
-185.2758621   -42.37327586   21.40491078    
-185.2758621   -37.91293103   12.65169404    
-185.2758621   -33.45258621   -0.4372133442  
-185.2758621   -28.99224138   -19.8163168    
-185.2758621   -24.53189655   -48.7731059    
-185.2758621   -20.07155172   -93.40366432   
-185.2758621   -15.6112069    -166.6262979   
-185.2758621   -11.15086207   -301.8411868   
-185.2758621   -6.690517241   -621.2509909   
-185.2758621   -2.230172414   -2224.089336   
-185.2758621   2.230172414    2583.939349    
-185.2758621   6.690517241    978.9883903    
-185.2758621   11.15086207    655.4096717    
-185.2758621   15.6112069     514.0788394    
-185.2758621   20.07155172    432.9490545    
-185.2758621   24.53189655    378.8137429    
-185.2758621   28.99224138    338.9756747    
-185.2758621   33.45258621    307.5763849    
-185.2758621   37.91293103    281.5718522    
-185.2758621   42.37327586    259.2472137    
-185.2758621   46.83362069    239.5784587    
-185.2758621   51.29396552    221.9261829    
-185.2758621   55.75431034    205.8759716    
-185.2758621   60.21465517    191.1498211    
-185.2758621   64.675         177.5545928    
-144.1034483   -64.675        17.31440959    
-144.1034483   -60.21465517   15.73994289    
-144.1034483   -55.75431034   13.12149609    
-144.1034483   -51.29396552   9.121062894    
-144.1034483   -46.83362069   3.286604919    
-144.1034483   -42.37327586   -5.00270094    
-144.1034483   -37.91293103   -16.6299894    
-144.1034483   -33.45258621   -32.9097003    
-144.1034483   -28.99224138   -55.9139209    
-144.1034483   -24.53189655   -89.15707755   
-144.1034483   -20.07155172   -139.1972122   
-144.1034483   -15.6112069    -219.9877692   
-144.1034483   -11.15086207   -367.6818149   
-144.1034483   -6.690517241   -714.6663699   
-144.1034483   -2.230172414   -2452.043589   
-144.1034483   2.230172414    2757.688662    
-144.1034483   6.690517241    1018.683607    
-144.1034483   11.15086207    668.480494     
-144.1034483   15.6112069     516.049528     
-144.1034483   20.07155172    429.1077036    
-144.1034483   24.53189655    371.6326363    
-144.1034483   28.99224138    329.8222451    
-144.1034483   33.45258621    297.2840073    
-144.1034483   37.91293103    270.6765766    
-144.1034483   42.37327586    248.1022517    
-144.1034483   46.83362069    228.4167083    
-144.1034483   51.29396552    210.8979937    
-144.1034483   55.75431034    195.0739156    
-144.1034483   60.21465517    180.6259656    
-144.1034483   64.675         167.3330472    
-102.9310345   -64.675        2.233018368    
-102.9310345   -60.21465517   -1.030268322   
-102.9310345   -55.75431034   -5.482529363   
-102.9310345   -51.29396552   -11.47022321   
-102.9310345   -46.83362069   -19.45802366   
-102.9310345   -42.37327586   -30.08762888   
-102.9310345   -37.91293103   -44.27839233   
-102.9310345   -33.45258621   -63.40912401   
-102.9310345   -28.99224138   -89.66883086   
-102.9310345   -24.53189655   -126.7918108   
-102.9310345   -20.07155172   -181.7753827   
-102.9310345   -15.6112069    -269.5458372   
-102.9310345   -11.15086207   -428.8277509   
-102.9310345   -6.690517241   -801.4985379   
-102.9310345   -2.230172414   -2664.218114   
-102.9310345   2.230172414    2919.51267     
-102.9310345   6.690517241    1055.530137    
-102.9310345   11.15086207    680.3586342    
-102.9310345   15.6112069     517.3875517    
-102.9310345   20.07155172    424.8107917    
-102.9310345   24.53189655    363.9941498    
-102.9310345   28.99224138    320.1171648    
-102.9310345   33.45258621    286.2997974    
-102.9310345   37.91293103    258.9323231    
-102.9310345   42.37327586    235.9535234    
-102.9310345   46.83362069    216.1118047    
-102.9310345   51.29396552    198.6111166    
-102.9310345   55.75431034    182.9263696    
-102.9310345   60.21465517    168.7006323    
-102.9310345   64.675         155.6847756    
-61.75862069   -64.675        -12.4576742    
-61.75862069   -60.21465517   -17.26203713   
-61.75862069   -55.75431034   -23.37533201   
-61.75862069   -51.29396552   -31.15225739   
-61.75862069   -46.83362069   -41.07052254   
-61.75862069   -42.37327586   -53.7935067    
-61.75862069   -37.91293103   -70.27749774   
-61.75862069   -33.45258621   -91.96530563   
-61.75862069   -28.99224138   -121.1594739   
-61.75862069   -24.53189655   -161.8038779   
-61.75862069   -20.07155172   -221.3091651   
-61.75862069   -15.6112069    -315.5098381   
-61.75862069   -11.15086207   -485.5215374   
-61.75862069   -6.690517241   -882.0323399   
-61.75862069   -2.230172414   -2861.101807   
-61.75862069   2.230172414    3069.637367    
-61.75862069   6.690517241    1089.585779    
-61.75862069   11.15086207    691.1283262    
-61.75862069   15.6112069     518.2399689    
-61.75862069   20.07155172    420.2828004    
-61.75862069   24.53189655    356.2051778    
-61.75862069   28.99224138    310.248177     
-61.75862069   33.45258621    275.0857691    
-61.75862069   37.91293103    246.8650425    
-61.75862069   42.37327586    223.3780536    
-61.75862069   46.83362069    203.2776306    
-61.75862069   51.29396552    185.7017813    
-61.75862069   55.75431034    170.0779941    
-61.75862069   60.21465517    156.014267     
-61.75862069   64.675         143.2350886    
-20.5862069    -64.675        -26.65665535   
-20.5862069    -60.21465517   -32.85894474   
-20.5862069    -55.75431034   -40.47082494   
-20.5862069    -51.29396552   -49.85533999   
-20.5862069    -46.83362069   -61.50358435   
-20.5862069    -42.37327586   -76.10094792   
-20.5862069    -37.91293103   -94.64044265   
-20.5862069    -33.45258621   -118.6271733   
-20.5862069    -28.99224138   -150.4722166   
-20.5862069    -24.53189655   -194.3170804   
-20.5862069    -20.07155172   -257.958611    
-20.5862069    -15.6112069    -358.0752691   
-20.5862069    -11.15086207   -537.9985024   
-20.5862069    -6.690517241   -956.5726299   
-20.5862069    -2.230172414   -3043.340536   
-20.5862069    2.230172414    3208.503933    
-20.5862069    6.690517241    1120.973842    
-20.5862069    11.15086207    700.8879942    
-20.5862069    15.6112069     518.728383     
-20.5862069    20.07155172    415.6869699    
-20.5862069    24.53189655    348.4788144    
-20.5862069    28.99224138    300.480723     
-20.5862069    33.45258621    263.9581953    
-20.5862069    37.91293103    234.8373346    
-20.5862069    42.37327586    210.7780819    
-20.5862069    46.83362069    190.3479323    
-20.5862069    51.29396552    172.626331     
-20.5862069    55.75431034    156.9986426    
-20.5862069    60.21465517    143.0414638    
-20.5862069    64.675         130.4552552    
20.5862069     -64.675        -40.29340315   
20.5862069     -60.21465517   -47.75770372   
20.5862069     -55.75431034   -56.71718182   
20.5862069     -51.29396552   -67.54337362   
20.5862069     -46.83362069   -80.74092034   
20.5862069     -42.37327586   -97.01711353   
20.5862069     -37.91293103   -117.4008133   
20.5862069     -33.45258621   -143.456884    
20.5862069     -28.99224138   -177.6990709   
20.5862069     -24.53189655   -224.453928    
20.5862069     -20.07155172   -291.8774571   
20.5862069     -15.6112069    -397.429856    
20.5862069     -11.15086207   -586.4909817   
20.5862069     -6.690517241   -1025.439522   
20.5862069     -2.230172414   -3211.686488   
20.5862069     2.230172414    3336.695861    
20.5862069     6.690517241    1149.860974    
20.5862069     11.15086207    709.746031     
20.5862069     15.6112069     518.958571     
20.5862069     20.07155172    411.1470444    
20.5862069     24.53189655    340.9664899    
20.5862069     28.99224138    290.9983451    
20.5862069     33.45258621    253.1338055    
20.5862069     37.91293103    223.0977862    
20.5862069     42.37327586    198.4309425    
20.5862069     46.83362069    177.6244013    
20.5862069     51.29396552    159.7055913    
20.5862069     55.75431034    144.0226084    
20.5862069     60.21465517    130.1242223    
20.5862069     64.675         117.6894072    
61.75862069    -64.675        -53.32357771   
61.75862069    -60.21465517   -61.92238206   
61.75862069    -55.75431034   -72.08994475   
61.75862069    -51.29396552   -84.20637512   
61.75862069    -46.83362069   -98.78981163   
61.75862069    -42.37327586   -116.5689999   
61.75862069    -37.91293103   -138.607336    
61.75862069    -33.45258621   -166.5264469   
61.75862069    -28.99224138   -202.936522    
61.75862069    -24.53189655   -252.3365659   
61.75862069    -20.07155172   -323.2155452   
61.75862069    -15.6112069    -433.7561937   
61.75862069    -11.15086207   -631.2288126   
61.75862069    -6.690517241   -1088.961443   
61.75862069    -2.230172414   -3366.954673   
61.75862069    2.230172414    3454.882387    
61.75862069    6.690517241    1176.440014    
61.75862069    11.15086207    717.8164604    
61.75862069    15.6112069     519.0256438    
61.75862069    20.07155172    406.7607509    
61.75862069    24.53189655    333.7788173    
61.75862069    28.99224138    281.9297824    
61.75862069    33.45258621    242.7617882    
61.75862069    37.91293103    211.816382     
61.75862069    42.37327586    186.5263266    
61.75862069    46.83362069    165.3142919    
61.75862069    51.29396552    147.1614931    
61.75862069    55.75431034    131.3831378    
61.75862069    60.21465517    117.5035064    
61.75862069    64.675         105.1825833    
102.9310345    -64.675        -65.72492024   
102.9310345    -60.21465517   -75.33953155   
102.9310345    -55.75431034   -86.58668592   
102.9310345    -51.29396552   -99.85504021   
102.9310345    -46.83362069   -115.6759968   
102.9310345    -42.37327586   -134.7990624   
102.9310345    -37.91293103   -158.3205955   
102.9310345    -33.45258621   -187.9157724   
102.9310345    -28.99224138   -226.2849662   
102.9310345    -24.53189655   -278.0874096   
102.9310345    -20.07155172   -352.120146    
102.9310345    -15.6112069    -467.2328052   
102.9310345    -11.15086207   -672.4384307   
102.9310345    -6.690517241   -1147.468403   
102.9310345    -2.230172414   -3509.988075   
102.9310345    2.230172414    3563.775706    
102.9310345    6.690517241    1200.917042    
102.9310345    11.15086207    725.2152067    
102.9310345    15.6112069     519.0169106    
102.9310345    20.07155172    402.6084178    
102.9310345    24.53189655    326.9993977    
102.9310345    28.99224138    273.3673445    
102.9310345    33.45258621    232.9459817    
102.9310345    37.91293103    201.1096587    
102.9310345    42.37327586    175.1934629    
102.9310345    46.83362069    153.5586823    
102.9310345    51.29396552    135.1455156    
102.9310345    55.75431034    119.2402547    
102.9310345    60.21465517    105.3457622    
102.9310345    64.675         93.10542707    
144.1034483    -64.675        -77.49346267   
144.1034483    -60.21465517   -88.01405376   
144.1034483    -55.75431034   -100.2227705   
144.1034483    -51.29396552   -114.5166755   
144.1034483    -46.83362069   -131.4400451   
144.1034483    -42.37327586   -151.7622834   
144.1034483    -37.91293103   -176.6109831   
144.1034483    -33.45258621   -207.7116023   
144.1034483    -28.99224138   -247.8485862   
144.1034483    -24.53189655   -301.8297666   
144.1034483    -20.07155172   -378.7369161   
144.1034483    -15.6112069    -498.0347384   
144.1034483    -11.15086207   -710.3418784   
144.1034483    -6.690517241   -1201.286568   
144.1034483    -2.230172414   -3641.631349   
144.1034483    2.230172414    3664.099303    
144.1034483    6.690517241    1223.501761    
144.1034483    11.15086207    732.0570512    
144.1034483    15.6112069     519.0134635    
144.1034483    20.07155172    398.7585878    
144.1034483    24.53189655    320.6940963    
144.1034483    28.99224138    265.3795032    
144.1034483    33.45258621    223.7603668    
144.1034483    37.91293103    191.0585474    
144.1034483    42.37327586    164.5207641    
144.1034483    46.83362069    142.4533259    
144.1034483    51.29396552    123.7601486    
144.1034483    55.75431034    107.7022576    
144.1034483    60.21465517    93.76398061    
144.1034483    64.675         81.57437913    
185.2758621    -64.675        -88.63992606   
185.2758621    -60.21465517   -99.9654954    
185.2758621    -55.75431034   -113.0277459   
185.2758621    -51.29396552   -128.2318874   
185.2758621    -46.83362069   -146.1345434   
185.2758621    -42.37327586   -167.5240172   
185.2758621    -37.91293103   -193.5573206   
185.2758621    -33.45258621   -226.0069427   
185.2758621    -28.99224138   -267.7355361   
185.2758621    -24.53189655   -323.6885969   
185.2758621    -20.07155172   -403.2109118   
185.2758621    -15.6112069    -526.3343132   
185.2758621    -11.15086207   -745.1563987   
185.2758621    -6.690517241   -1250.734691   
185.2758621    -2.230172414   -3762.712254   
185.2758621    2.230172414    3756.564931    
185.2758621    6.690517241    1244.400237    
185.2758621    11.15086207    738.453052     
185.2758621    15.6112069     519.0908721    
185.2758621    20.07155172    395.2715693    
185.2758621    24.53189655    314.9172632    
185.2758621    28.99224138    258.0195092    
185.2758621    33.45258621    215.2598132    
185.2758621    37.91293103    181.7210246    
185.2758621    42.37327586    154.5699878    
185.2758621    46.83362069    132.0639383    
185.2758621    51.29396552    113.0749069    
185.2758621    55.75431034    96.84208755    
185.2758621    60.21465517    82.83402109    
185.2758621    64.675         70.66764475    
226.4482759    -64.675        -99.18611114   
226.4482759    -60.21465517   -111.2244303   
226.4482759    -55.75431034   -125.0418868   
226.4482759    -51.29396552   -141.0514674   
226.4482759    -46.83362069   -159.8214892   
226.4482759    -42.37327586   -182.1580339   
226.4482759    -37.91293103   -209.2456427   
226.4482759    -33.45258621   -242.900622    
226.4482759    -28.99224138   -286.0582271   
226.4482759    -24.53189655   -343.7913838   
226.4482759    -20.07155172   -425.6877996   
226.4482759    -15.6112069    -552.3022784   
226.4482759    -11.15086207   -777.094893    
226.4482759    -6.690517241   -1296.122453   
226.4482759    -2.230172414   -3874.029746   
226.4482759    2.230172414    3841.856035    
226.4482759    6.690517241    1263.809155    
226.4482759    11.15086207    744.5080542    
226.4482759    15.6112069     519.319002     
226.4482759    20.07155172    392.2013277    
226.4482759    24.53189655    309.7155002    
226.4482759    28.99224138    251.3310412    
226.4482759    33.45258621    207.4874517    
226.4482759    37.91293103    173.1409525    
226.4482759    42.37327586    145.386369     
226.4482759    46.83362069    122.4373737    
226.4482759    51.29396552    103.1382796    
226.4482759    55.75431034    86.70975844    
226.4482759    60.21465517    72.60725581    
226.4482759    64.675         60.43777632    
267.6206897    -64.675        -109.1611536   
267.6206897    -60.21465517   -121.8286562   
267.6206897    -55.75431034   -136.3124947   
267.6206897    -51.29396552   -153.0329701   
267.6206897    -46.83362069   -172.5693183   
267.6206897    -42.37327586   -195.7441567   
267.6206897    -37.91293103   -223.7675709   
267.6206897    -33.45258621   -258.496469    
267.6206897    -28.99224138   -302.9333096   
267.6206897    -24.53189655   -362.2688408   
267.6206897    -20.07155172   -446.3151036   
267.6206897    -15.6112069    -576.1093067   
267.6206897    -11.15086207   -806.3671924   
267.6206897    -6.690517241   -1337.750522   
267.6206897    -2.230172414   -3976.347541   
267.6206897    2.230172414    3920.615798    
267.6206897    6.690517241    1281.910848    
267.6206897    11.15086207    750.317875     
267.6206897    15.6112069     519.7608382    
267.6206897    20.07155172    389.5957138    
267.6206897    24.53189655    305.129374     
267.6206897    28.99224138    245.3512729    
267.6206897    33.45258621    200.4791042    
267.6206897    37.91293103    165.3538481    
267.6206897    42.37327586    137.0056107    
267.6206897    46.83362069    113.6096977    
267.6206897    51.29396552    93.98670196    
267.6206897    55.75431034    77.3420062     
267.6206897    60.21465517    63.12063971    
267.6206897    64.675         50.9219027     
308.7931034    -64.675        -118.597749    
308.7931034    -60.21465517   -131.8191759   
308.7931034    -55.75431034   -146.8897656   
308.7931034    -51.29396552   -164.2366318   
308.7931034    -46.83362069   -184.4490783   
308.7931034    -42.37327586   -208.3648991   
308.7931034    -37.91293103   -237.2176127   
308.7931034    -33.45258621   -272.901436    
308.7931034    -28.99224138   -318.4807158   
308.7931034    -24.53189655   -379.2548742   
308.7931034    -20.07155172   -465.2429943   
308.7931034    -15.6112069    -597.9274007   
308.7931034    -11.15086207   -833.1817327   
308.7931034    -6.690517241   -1375.911845   
308.7931034    -2.230172414   -4070.391847   
308.7931034    2.230172414    3993.438529    
308.7931034    6.690517241    1298.868646    
308.7931034    11.15086207    755.9658089    
308.7931034    15.6112069     520.469798     
308.7931034    20.07155172    387.4947766    
308.7931034    24.53189655    301.1926712    
308.7931034    28.99224138    240.1112233    
308.7931034    33.45258621    194.2648219    
308.7931034    37.91293103    158.389701     
308.7931034    42.37327586    129.4580446    
308.7931034    46.83362069    105.6116824    
308.7931034    51.29396552    85.65128962    
308.7931034    55.75431034    68.7700734     
308.7931034    60.21465517    54.40527829    
308.7931034    64.675         42.15073508    
349.9655172    -64.675        -127.5288962   
349.9655172    -60.21465517   -141.2364105   
349.9655172    -55.75431034   -156.8225149   
349.9655172    -51.29396552   -174.7207232   
349.9655172    -46.83362069   -195.5295914   
349.9655172    -42.37327586   -220.1006952   
349.9655172    -37.91293103   -249.6887665   
349.9655172    -33.45258621   -286.2218886   
349.9655172    -28.99224138   -332.8208915   
349.9655172    -24.53189655   -394.88492     
349.9655172    -20.07155172   -482.6237542   
349.9655172    -15.6112069    -617.9303696   
349.9655172    -11.15086207   -857.7467905   
349.9655172    -6.690517241   -1410.893226   
349.9655172    -2.230172414   -4156.851688   
349.9655172    2.230172414    4060.863798    
349.9655172    6.690517241    1314.822518    
349.9655172    11.15086207    761.5185464    
349.9655172    15.6112069     521.4857461    
349.9655172    20.07155172    385.9268278    
349.9655172    24.53189655    297.9288197    
349.9655172    28.99224138    235.6328282    
349.9655172    33.45258621    188.8669496    
349.9655172    37.91293103    152.2723814    
349.9655172    42.37327586    122.7696804    
349.9655172    46.83362069    98.47169542    
349.9655172    51.29396552    78.16262214    
349.9655172    55.75431034    61.02626817    
349.9655172    60.21465517    46.49442236    
349.9655172    64.675         34.15750453    
391.137931     -64.675        -135.9861972   
391.137931     -60.21465517   -150.1178021   
391.137931     -55.75431034   -166.1549131   
391.137931     -51.29396552   -184.5373172   
391.137931     -46.83362069   -205.8722854   
391.137931     -42.37327586   -231.0239921   
391.137931     -37.91293103   -261.2662415   
391.137931     -33.45258621   -298.5574507   
391.137931     -28.99224138   -346.0693061   
391.137931     -24.53189655   -409.2915685   
391.137931     -20.07155172   -498.6087702   
391.137931     -15.6112069    -636.2921961   
391.137931     -11.15086207   -880.2700394   
391.137931     -6.690517241   -1442.975778   
391.137931     -2.230172414   -4236.379789   
391.137931     2.230172414    4123.373679    
391.137931     6.690517241    1329.885752    
391.137931     11.15086207    767.0216963    
391.137931     15.6112069     522.8295686    
391.137931     20.07155172    384.9021566    
391.137931     24.53189655    295.3440906    
391.137931     28.99224138    231.9221939    
391.137931     33.45258621    184.2940906    
391.137931     37.91293103    147.0149643    
391.137931     42.37327586    116.9594794    
391.137931     46.83362069    92.21539886    
391.137931     51.29396552    71.55318352    
391.137931     55.75431034    54.14919684    
391.137931     60.21465517    39.43124942    
391.137931     64.675         26.98763486    
432.3103448    -64.675        -144.0007075   
432.3103448    -60.21465517   -158.498415    
432.3103448    -55.75431034   -174.9263499   
432.3103448    -51.29396552   -193.7308705   
432.3103448    -46.83362069   -215.5280119   
432.3103448    -42.37327586   -241.1940503   
432.3103448    -37.91293103   -272.0203692   
432.3103448    -33.45258621   -309.9926004   
432.3103448    -28.99224138   -358.327666    
432.3103448    -24.53189655   -422.5964259   
432.3103448    -20.07155172   -513.34183     
432.3103448    -15.6112069    -653.1820532   
432.3103448    -11.15086207   -900.9550743   
432.3103448    -6.690517241   -1472.43258    
432.3103448    -2.230172414   -4309.591659   
432.3103448    2.230172414    4181.394343    
432.3103448    6.690517241    1344.1442      
432.3103448    11.15086207    772.496659     
432.3103448    15.6112069     524.4972216    
432.3103448    20.07155172    384.4048444    
432.3103448    24.53189655    293.4180738    
432.3103448    28.99224138    228.9597824    
432.3103448    33.45258621    180.5319104    
432.3103448    37.91293103    142.611802     
432.3103448    42.37327586    112.0331333    
432.3103448    46.83362069    86.86166073    
432.3103448    51.29396552    65.85594215    
432.3103448    55.75431034    48.18567371    
432.3103448    60.21465517    33.27453158    
432.3103448    64.675         20.70799453    
473.4827586    -64.675        -151.6054449   
473.4827586    -60.21465517   -166.4147833   
473.4827586    -55.75431034   -183.1761227   
473.4827586    -51.29396552   -202.3428069   
473.4827586    -46.83362069   -224.5401993   
473.4827586    -42.37327586   -250.6572121   
473.4827586    -37.91293103   -282.0028503   
473.4827586    -33.45258621   -320.588623    
473.4827586    -28.99224138   -369.6725285   
473.4827586    -24.53189655   -434.8974323   
473.4827586    -20.07155172   -526.9474247   
473.4827586    -15.6112069    -668.7549276   
473.4827586    -11.15086207   -919.9941274   
473.4827586    -6.690517241   -1499.522446   
473.4827586    -2.230172414   -4377.060759   
473.4827586    2.230172414    4235.303396    
473.4827586    6.690517241    1357.65917     
473.4827586    11.15086207    777.9384892    
473.4827586    15.6112069     526.453046     
473.4827586    20.07155172    384.3832787    
473.4827586    24.53189655    292.0938099    
473.4827586    28.99224138    226.6920154    
473.4827586    33.45258621    177.5368467    
473.4827586    37.91293103    139.033696     
473.4827586    42.37327586    107.9783063    
473.4827586    46.83362069    82.41659339    
473.4827586    51.29396552    61.09703153    
473.4827586    55.75431034    43.18350521    
473.4827586    60.21465517    28.09428918    
473.4827586    64.675         15.40807803    
514.6551724    -64.675        -158.8349131   
514.6551724    -60.21465517   -173.9072108   
514.6551724    -55.75431034   -190.9491888   
514.6551724    -51.29396552   -210.4208476   
514.6551724    -46.83362069   -232.9568664   
514.6551724    -42.37327586   -259.4592984   
514.6551724    -37.91293103   -291.2558995   
514.6551724    -33.45258621   -330.3854846   
514.6551724    -28.99224138   -380.1474688   
514.6551724    -24.53189655   -446.2526157   
514.6551724    -20.07155172   -539.5114377   
514.6551724    -15.6112069    -683.1353885   
514.6551724    -11.15086207   -937.5567755   
514.6551724    -6.690517241   -1524.480283   
514.6551724    -2.230172414   -4439.309077   
514.6551724    2.230172414    4285.442462    
514.6551724    6.690517241    1370.471091    
514.6551724    11.15086207    783.3105104    
514.6551724    15.6112069     528.6196901    
514.6551724    20.07155172    384.7415021    
514.6551724    24.53189655    291.2746384    
514.6551724    28.99224138    225.0345414    
514.6551724    33.45258621    175.2443208    
514.6551724    37.91293103    136.2381286    
514.6551724    42.37327586    104.7728684    
514.6551724    46.83362069    78.87503333    
514.6551724    51.29396552    57.28634736    
514.6551724    55.75431034    39.17047502    
514.6551724    60.21465517    23.94387806    
514.6551724    64.675         11.17394656    
555.8275862    -64.675        -165.7188512   
555.8275862    -60.21465517   -181.0133489   
555.8275862    -55.75431034   -198.2913051   
555.8275862    -51.29396552   -218.0183962   
555.8275862    -46.83362069   -240.8374271   
555.8275862    -42.37327586   -267.6622891   
555.8275862    -37.91293103   -299.8384007   
555.8275862    -33.45258621   -339.4317076   
555.8275862    -28.99224138   -389.7847661   
555.8275862    -24.53189655   -456.6800211   
555.8275862    -20.07155172   -551.0555793   
555.8275862    -15.6112069    -696.3821941   
555.8275862    -11.15086207   -953.7667556   
555.8275862    -6.690517241   -1547.504877   
555.8275862    -2.230172414   -4496.795871   
555.8275862    2.230172414    4332.122237    
555.8275862    6.690517241    1382.583088    
555.8275862    11.15086207    788.5252776    
555.8275862    15.6112069     530.8755451    
555.8275862    20.07155172    385.3560624    
555.8275862    24.53189655    290.8511361    
555.8275862    28.99224138    223.8982178    
555.8275862    33.45258621    173.5879043    
555.8275862    37.91293103    134.1825512    
555.8275862    42.37327586    102.3973186    
555.8275862    46.83362069    76.23509102    
555.8275862    51.29396552    54.42873165    
555.8275862    55.75431034    36.14805089    
555.8275862    60.21465517    20.82579361    
555.8275862    64.675         8.030744667    
597            -64.675        -172.2786915   
597            -60.21465517   -187.7608167   
597            -55.75431034   -205.2372089   
597            -51.29396552   -225.1784674   
597            -46.83362069   -248.2344369   
597            -42.37327586   -275.3292435   
597            -37.91293103   -307.8235822   
597            -33.45258621   -347.8070362   
597            -28.99224138   -398.6605176   
597            -24.53189655   -466.2328944   
597            -20.07155172   -561.5873347   
597            -15.6112069    -708.458182    
597            -11.15086207   -968.6126971   
597            -6.690517241   -1568.711635   
597            -2.230172414   -4549.93639    
597            2.230172414    4375.541843    
597            6.690517241    1393.909606    
597            11.15086207    793.4721381    
597            15.6112069     533.1297249    
597            20.07155172    386.1541673    
597            24.53189655    290.7580805    
597            28.99224138    223.2184005    
597            33.45258621    172.5025431    
597            37.91293103    132.8062639    
597            42.37327586    100.804996     
597            46.83362069    74.47606375    
597            51.29396552    52.53559415    
597            55.75431034    34.14513167    
597            60.21465517    18.74604257    
597            64.675         5.943739068    
