-96.75         -64.675        -0.6684754522            -0.0001981276949         2545.123972              
-101.817       -62.035        -0.6092793934            2.441242138e-05          2748.027907              
-107.204       -59.395        -0.5540371628            -0.0004786459484         2967.574079              
-112.944       -56.755        -0.5025056665            -0.000160844419          3205.399046              
-119.068       -54.115        -0.4544881916            0.0002333097745          3463.493721              
-125.61        -51.476        -0.4098081363            0.0002572232329          3744.057527              
-132.617       -48.836        -0.3682484146            -0.0005850346933         4050.025194              
-140.14        -46.196        -0.3296417868            -8.616943161e-05         4384.422359              
-148.232       -43.556        -0.2938366884            -0.0003217001089         4751.202047              
-156.961       -40.916        -0.2606762189            -0.000245454488          5155.02892               
-166.4         -38.277        -0.2300300481            -0.000321416288          5601.543051              
-176.648       -35.637        -0.2017401839            -0.0002682541319         6098.309891              
-187.811       -32.997        -0.1756925846            0.0004010739203          6654.328018              
-200.017       -30.357        -0.1517720994            -0.0007582645435         7281.547658              
-213.429       -27.717        -0.1298652011            -0.0004921425705         7995.40276               
-228.235       -25.078        -0.1098779766            -0.0006408782673         8816.607853              
-244.691       -22.438        -0.09169932691           -0.001687070902          9774.798867              
-263.107       -19.798        -0.07524695276           5.294851095e-06          10910.97098              
-283.886       -17.158        -0.06043975399           -0.001033176157          12287.14475              
-307.578       -14.518        -0.04720103518           -0.001522204622          14000.1833               
-334.938       -11.879        -0.0354662654            -0.000394664528          16212.65876              
-367.119       -9.239         -0.02516622675           -0.002112620678          19231.19358              
-405.952       -6.599         -0.01625561643           -0.002328034152          23716.58146              
-454.929       -3.959         -0.008702456867          -0.003326986335          31548.74333              
-523.91        -1.319         -0.002517607986          -0.00294634844           53152.94622              
-535.255       -1             -0.001868268395          -0.007881074017          59805.68231              
-556.589       -0.5           -0.0008983289285         0.0007858666995          79075.63106              
-574.556       -0.2           -0.0003480948767         -0.02209132298           110735.7422              
