-599.7           -8.168700607   
-575.222449           -8.425876774   
-550.744898           -9.967813375   
-526.2673469           -12.14794298   
-501.7897959           -13.67840117   
-477.3122449           -14.23842857   
-452.8346939           -14.03748692   
-428.3571429           -13.36009115   
-403.8795918           -12.42500386   
-379.4020408           -11.37439446   
-354.9244898           -10.29361289   
-330.4469388           -9.231157818   
-305.9693878           -8.212951591   
-281.4918367           -7.25149571    
-257.0142857           -6.351487905   
-232.5367347           -5.51320095    
-208.0591837           -4.734494424   
-183.5816327           -4.012004288   
-159.1040816           -3.3418375     
-134.6265306           -2.719973353   
-110.1489796           -2.142486941   
-85.67142857           -1.605667924   
-61.19387755           -1.106075935   
-36.71632653           -0.6405610839  
-12.23877551           -0.2062620545  
12.23877551           0.1994070418   
36.71632653           0.5787730692   
61.19387755           0.9339266627   
85.67142857           1.266740999    
110.1489796           1.578892196    
134.6265306           1.871877219    
159.1040816           2.147030132    
183.5816327           2.405536165    
208.0591837           2.648443894    
232.5367347           2.876675071    
257.0142857           3.091032327    
281.4918367           3.292204381    
305.9693878           3.480768513    
330.4469388           3.657189633    
354.9244898           3.821815144    
379.4020408           3.974863932    
403.8795918           4.116407325    
428.3571429           4.246338386    
452.8346939           4.36432381     
477.3122449           4.4697318      
501.7897959           4.561527717    
526.2673469           4.638152651    
550.744898           4.697538178    
575.222449           4.738187737    
599.7           4.764545308    
