-20            -10.56619392   
-19.18367347   -10.15496318   
-18.36734694   -9.741792041   
-17.55102041   -9.326708778   
-16.73469388   -8.909742214   
-15.91836735   -8.490921825   
-15.10204082   -8.070277592   
-14.28571429   -7.647840101   
-13.46938776   -7.22364048    
-12.65306122   -6.797710459   
-11.83673469   -6.370082277   
-11.02040816   -5.940788744   
-10.20408163   -5.509863196   
-9.387755102   -5.077339505   
-8.571428571   -4.643252073   
-7.755102041   -4.207635809   
-6.93877551    -3.770526139   
-6.12244898    -3.331958974   
-5.306122449   -2.891970725   
-4.489795918   -2.450598283   
-3.673469388   -2.007879094   
-2.857142857   -1.563850728   
-2.040816327   -1.118551667   
-1.224489796   -0.6720207669  
-0.4081632653  -0.2242969416  
0.4081632653   0.2245802863   
1.224489796    0.674570713    
2.040816327    1.125634024    
2.857142857    1.577729681    
3.673469388    2.030816421    
4.489795918    2.484852539    
5.306122449    2.939796447    
6.12244898     3.395605883    
6.93877551     3.852238355    
7.755102041    4.30965105     
8.571428571    4.767800866    
9.387755102    5.226644418    
10.20408163    5.686138045    
11.02040816    6.146237844    
11.83673469    6.606899667    
12.65306122    7.068079143    
13.46938776    7.529731718    
14.28571429    7.991812573    
15.10204082    8.454276791    
15.91836735    8.917079228    
16.73469388    9.380174633    
17.55102041    9.843517615    
18.36734694    10.30706265    
19.18367347    10.77076415    
20             11.2345764     
